[10033]	0.000000
[10122]	0.000000
[10209]	0.000000
[10298]	0.000000
[10347]	0.000000
[10435]	0.000000
[10480]	0.000000
[10562]	0.000000
[10585]	0.000000
[10617]	0.000000
[10817]	0.000000
[10838]	0.000000
[10923]	0.000000
[10971]	0.000000
[11002]	0.000000
[11050]	0.000000
[11058]	0.000000
[11086]	0.000000
[11099]	0.000000
[11194]	0.000000
[11198]	0.000000
[11282]	0.000000
[11344]	0.000000
[11351]	0.000000
[11375]	0.000000
[11410]	0.000000
[11415]	0.000000
[11417]	0.000000
[11430]	0.000000
[11459]	0.000000
[11487]	0.000000
[11522]	0.000000
[11538]	0.000000
[11548]	0.000000
[11715]	0.000000
[11720]	0.000000
[11871]	0.000000
[11938]	0.000000
[12018]	0.000000
[12054]	0.000000
[12067]	0.000000
[12132]	0.000000
[12134]	0.000000
[12149]	0.000000
[12228]	0.000000
[12263]	0.000000
[12324]	0.000000
[12390]	0.000000
[12436]	0.000000
[12598]	0.000000
[12625]	0.000000
[12685]	0.000000
[12739]	0.000000
[12832]	0.000000
[12938]	0.000000
[12956]	0.000000
[12957]	0.000000
[13246]	0.000000
[13251]	0.000000
[13255]	0.000000
[13297]	0.000000
[13307]	0.000000
[13359]	0.000000
[13463]	0.000000
[13464]	0.000000
[13540]	0.000000
[13614]	0.000000
[13629]	0.000000
[13682]	0.000000
[13700]	0.000000
[13792]	0.000000
[13827]	0.000000
[13856]	0.000000
[13890]	0.000000
[13947]	0.000000
[13998]	0.000000
[14115]	0.000000
[14236]	0.000000
[14380]	0.000000
[14408]	0.000000
[14431]	0.000000
[14435]	0.000000
[14467]	0.000000
[14533]	0.000000
[14618]	0.000000
[14646]	0.000000
[14656]	0.000000
[14750]	0.000000
[14853]	0.000000
[14886]	0.000000
[14927]	0.000000
[14965]	0.000000
[14993]	0.000000
[15045]	0.000000
[15057]	0.000000
[15063]	0.000000
[15129]	0.000000
[15154]	0.000000
[15163]	0.000000
[15171]	0.000000
[15221]	0.000000
[15232]	0.000000
[15256]	0.000000
[15344]	0.000000
[15458]	0.000000
[15505]	0.000000
[15508]	0.000000
[15525]	0.000000
[15530]	0.000000
[15601]	0.000000
[15649]	0.000000
[15774]	0.000000
[15842]	0.000000
[15856]	0.000000
[15885]	0.000000
[15937]	0.000000
[15973]	0.000000
[16058]	0.000000
[16175]	0.000000
[16250]	0.000000
[16286]	0.000000
[16310]	0.000000
[16668]	0.000000
[10016]	1.000000
[10042]	1.000000
[10258]	1.000000
[10374]	1.000000
[10427]	1.000000
[10556]	1.000000
[10778]	1.000000
[10857]	1.000000
[10938]	1.000000
[11031]	1.000000
[11230]	1.000000
[11456]	1.000000
[11714]	1.000000
[11728]	1.000000
[11756]	1.000000
[11842]	1.000000
[11914]	1.000000
[11966]	1.000000
[12136]	1.000000
[13145]	1.000000
[13491]	1.000000
[13574]	1.000000
[13655]	1.000000
[13693]	1.000000
[13714]	1.000000
[13771]	1.000000
[13812]	1.000000
[14332]	1.000000
[14631]	1.000000
[14713]	1.000000
[14889]	1.000000
[14938]	1.000000
[16172]	1.000000
[16364]	1.000000
[16442]	1.000000
[16454]	1.000000
[16754]	1.000000
[16764]	1.000000
[10182]	2.000000
[10535]	2.000000
[10591]	2.000000
[10746]	2.000000
[10889]	2.000000
[11655]	2.000000
[11773]	2.000000
[12029]	2.000000
[12155]	2.000000
[12222]	2.000000
[12252]	2.000000
[12785]	2.000000
[12987]	2.000000
[13046]	2.000000
[13424]	2.000000
[13505]	2.000000
[13828]	2.000000
[13968]	2.000000
[14167]	2.000000
[14695]	2.000000
[14744]	2.000000
[14749]	2.000000
[14941]	2.000000
[15106]	2.000000
[15606]	2.000000
[16096]	2.000000
[16526]	2.000000
[16634]	2.000000
[16761]	2.000000
[15054]	2.000000
[13546]	2.000000
[13809]	2.000000
[10460]	3.000000
[10863]	3.000000
[11675]	3.000000
[13143]	3.000000
[14091]	3.000000
[15498]	3.000000
[15825]	3.000000
[15879]	3.000000
[16525]	3.000000
[16599]	3.000000
[16763]	3.000000
[13113]	3.000000
[10205]	4.000000
[10224]	4.000000
[10310]	4.000000
[10623]	4.000000
[10630]	4.000000
[10697]	4.000000
[10750]	4.000000
[11496]	4.000000
[11531]	4.000000
[11559]	4.000000
[11643]	4.000000
[11947]	4.000000
[12587]	4.000000
[12705]	4.000000
[12782]	4.000000
[12863]	4.000000
[13047]	4.000000
[13051]	4.000000
[13757]	4.000000
[13888]	4.000000
[14201]	4.000000
[14691]	4.000000
[14754]	4.000000
[14904]	4.000000
[15250]	4.000000
[15440]	4.000000
[15934]	4.000000
[16251]	4.000000
[16762]	4.000000
[16166]	4.000000
[10569]	5.000000
[11036]	5.000000
[11299]	5.000000
[11367]	5.000000
[11627]	5.000000
[11790]	5.000000
[12509]	5.000000
[12846]	5.000000
[13016]	5.000000
[13055]	5.000000
[13125]	5.000000
[13322]	5.000000
[14453]	5.000000
[14686]	5.000000
[15235]	5.000000
[15383]	5.000000
[10504]	6.000000
[10511]	6.000000
[10730]	6.000000
[11165]	6.000000
[11394]	6.000000
[11434]	6.000000
[11961]	6.000000
[12854]	6.000000
[12869]	6.000000
[14871]	6.000000
[15447]	6.000000
[16425]	6.000000
[16426]	6.000000
[11418]	6.000000
[11392]	7.000000
[13599]	7.000000
[15446]	7.000000
[16428]	7.000000
[11215]	7.000000
[11732]	7.000000
[12773]	7.000000
[15088]	7.000000
[15220]	7.000000
[10171]	8.000000
[10181]	8.000000
[11545]	8.000000
[11656]	8.000000
[13536]	8.000000
[13854]	8.000000
[13865]	8.000000
[15448]	8.000000
[15548]	8.000000
[16519]	8.000000
[16760]	8.000000
[10198]	8.000000
[11564]	8.000000
[12287]	8.000000
[11098]	9.000000
[12857]	9.000000
[13501]	9.000000
[14046]	9.000000
[14721]	9.000000
[14751]	9.000000
[15091]	9.000000
[16542]	9.000000
[16588]	9.000000
[16758]	9.000000
[10325]	10.000000
[12314]	10.000000
[12388]	10.000000
[12595]	10.000000
[14672]	10.000000
[16345]	10.000000
[10005]	11.000000
[11015]	11.000000
[13472]	11.000000
[13731]	11.000000
[14987]	11.000000
[15385]	11.000000
[15793]	11.000000
[11945]	12.000000
[12127]	12.000000
[16083]	12.000000
[10678]	13.000000
[11241]	13.000000
[13564]	13.000000
[14101]	13.000000
[14493]	13.000000
[14182]	14.000000
[14250]	14.000000
[15043]	14.000000
[10945]	14.000000
[11295]	14.000000
[11592]	14.000000
[12211]	14.000000
[16128]	14.000000
[10278]	15.000000
[12633]	15.000000
[14577]	15.000000
[15504]	15.000000
[11431]	16.000000
[14477]	16.000000
[15278]	16.000000
[16253]	16.000000
[13295]	17.000000
[13507]	17.000000
[11135]	18.000000
[11924]	18.000000
[13984]	18.000000
[15853]	18.000000
[13672]	19.000000
[14229]	19.000000
[10815]	19.000000
[15020]	19.000000
[13381]	20.000000
[11245]	20.000000
[14270]	20.000000
[15754]	20.000000
[11041]	22.000000
[12141]	22.000000
[14197]	23.000000
[14630]	23.000000
[14792]	23.000000
[16540]	23.000000
[11512]	24.000000
[14863]	24.000000
[15260]	24.000000
[14898]	24.000001
[10400]	25.000000
[15030]	25.000000
[11619]	26.000000
[11493]	27.000000
[14736]	27.000000
[16254]	27.000000
[10519]	28.000000
[14320]	28.000000
[12720]	29.000000
[14268]	29.000000
[10419]	30.000000
[11646]	30.999999
[10300]	31.000000
[13111]	31.000000
[10478]	32.000000
[13987]	32.000001
[11628]	33.999999
[13292]	34.000000
[12638]	35.000000
[16443]	35.999999
[11582]	36.000000
[16456]	38.000000
[11827]	39.000000
[12315]	39.000000
[11484]	39.999999
[16267]	40.000000
[11511]	41.000000
[10327]	41.000000
[15604]	42.999999
[13936]	43.000002
[14553]	44.999999
[15481]	45.000000
[12320]	46.000000
[15160]	47.000001
[12294]	48.000000
[16179]	49.000000
[16016]	52.000000
[12635]	54.000000
[11789]	55.999998
[11376]	57.000000
[14119]	59.000000
[15052]	62.000000
[13785]	63.000002
[13704]	65.000000
[13525]	66.000000
[16178]	66.000000
[13715]	67.999998
[14897]	69.000000
[14397]	70.000000
[12900]	70.999997
[10996]	70.999999
[13415]	71.000000
[10056]	72.000003
[12947]	74.000000
[11053]	80.000000
[12574]	80.000000
[14282]	80.000000
[10237]	82.000000
[16719]	83.000000
[12663]	84.000000
[12641]	85.000002
[10819]	86.000004
[15246]	86.999998
[11317]	88.000000
[12621]	88.000000
[13676]	88.000002
[14530]	91.999998
[12866]	96.000000
[14273]	96.000001
[12653]	96.999996
[12370]	97.000000
[14475]	99.000000
[16156]	100.000000
[10900]	101.000000
[14880]	101.000002
[12784]	103.999997
[14062]	105.000000
[15236]	113.000002
[12347]	114.000000
[15231]	117.000000
[15325]	118.000000
[15532]	119.000000
[15012]	119.000004
[14239]	128.000000
[13094]	132.000000
[13689]	137.000004
[14712]	137.999999
[12253]	140.000000
[10172]	141.000000
[13072]	142.000000
[13618]	142.000000
[11453]	148.000002
[15061]	149.000004
[11834]	151.999998
[12494]	152.000004
[10216]	153.000000
[12190]	156.000000
[11028]	156.000006
[12737]	158.000004
[12815]	158.000004
[14816]	162.999996
[14559]	165.000000
[10313]	165.999996
[13535]	173.000004
[12671]	177.000000
[10961]	181.000000
[10243]	185.000000
[11495]	189.000000
[14004]	189.000000
[15293]	189.000000
[14706]	191.000000
[14218]	195.000000
[11463]	196.000000
[13826]	199.000000
[11716]	201.000000
[12055]	206.000000
[12882]	220.999992
[10933]	221.000000
[12125]	221.000004
[12868]	222.000008
[13667]	225.000000
[11859]	236.000000
[11007]	241.999992
[11421]	256.000000
[16390]	262.000000
[15798]	277.000000
[15618]	279.000005
[13898]	285.999990
[12748]	286.000004
[10329]	290.999989
[12676]	291.000000
[13592]	294.000000
[15725]	294.000000
[14535]	307.000000
[13418]	308.999996
[12755]	323.000000
[12721]	325.999992
[12087]	330.999985
[14130]	330.999992
[12348]	331.999992
[11479]	347.000000
[14488]	350.000000
[11952]	357.000008
[13806]	369.000015
[11684]	372.000000
[14561]	373.999992
[11399]	378.000000
[11391]	379.999992
[15709]	392.000000
[13087]	404.000000
[12235]	409.000015
[13203]	410.000000
[12902]	416.000000
[15406]	424.000000
[15872]	430.000000
[15085]	432.000011
[10982]	437.000008
[11411]	457.999992
[11283]	458.000000
[11719]	459.000000
[10194]	460.999992
[12652]	468.000000
[10349]	471.000000
[11216]	471.000000
[12772]	471.000000
[15153]	475.000000
[10783]	477.999985
[12841]	478.000000
[12886]	489.000000
[13461]	490.000000
[12681]	522.000000
[10683]	522.999992
[13579]	526.000000
[10204]	537.000008
[10165]	540.000000
[10884]	549.000000
[13710]	549.000000
[10654]	552.000000
[13504]	558.000000
[11517]	560.000000
[12615]	560.000000
[13934]	564.999985
[10184]	577.999992
[14050]	589.000000
[10221]	605.000000
[12649]	614.000015
[11879]	619.000000
[13767]	620.000000
[10615]	627.000008
[11941]	627.999989
[10405]	631.000031
[12559]	632.000000
[15282]	632.000000
[13196]	637.999992
[16567]	641.000015
[15245]	641.999969
[13658]	644.000000
[14125]	646.000000
[14474]	651.999985
[10338]	661.000000
[11764]	669.000011
[13863]	674.000015
[14088]	678.999985
[10396]	681.000000
[11910]	682.000000
[13200]	695.000000
[15581]	696.000000
[12684]	697.000000
[10139]	703.000011
[13619]	704.000015
[15794]	725.999985
[14804]	737.999989
[14895]	738.000031
[10241]	745.000008
[11997]	751.000000
[11615]	752.000000
[12704]	756.000000
[12245]	759.000000
[14627]	759.000000
[12207]	778.000000
[13768]	778.999992
[12709]	789.000000
[12719]	793.000000
[15257]	802.999969
[15569]	805.000031
[15018]	832.000000
[16647]	832.000000
[13341]	840.999985
[15721]	841.000031
[12174]	843.000000
[16091]	846.000029
[14919]	856.000031
[12822]	862.000008
[11535]	865.000031
[12855]	866.000000
[11441]	882.000000
[15124]	901.000031
[10775]	907.999992
[12214]	912.000000
[15570]	916.000031
[12878]	922.000004
[12610]	922.999969
[11214]	924.000000
[11233]	948.000000
[13467]	953.000031
[11908]	959.000000
[12798]	967.000000
[10557]	973.000031
[15887]	975.000023
[14856]	979.000053
[11492]	982.000031
[13369]	1000.000031
[13182]	1010.000000
[10322]	1015.000000
[13348]	1027.000000
[13770]	1037.999992
[11085]	1039.000000
[12844]	1053.000000
[12321]	1065.000000
[12831]	1068.000031
[14030]	1070.000000
[14942]	1077.000000
[10416]	1116.000015
[13628]	1130.000000
[12268]	1139.000015
[10247]	1148.999985
[14797]	1151.000000
[11845]	1156.000031
[13862]	1180.000031
[14288]	1192.000031
[14875]	1201.000031
[15177]	1210.999969
[11030]	1220.000000
[12066]	1220.000000
[10568]	1231.999969
[13032]	1255.999969
[13654]	1270.000000
[14805]	1274.000000
[10414]	1275.000000
[11063]	1287.000000
[14131]	1296.000061
[10225]	1301.000061
[12851]	1306.000061
[13520]	1308.000000
[13434]	1310.000038
[15167]	1315.000057
[16322]	1319.000000
[14738]	1329.000000
[13121]	1340.999985
[14234]	1341.000023
[14306]	1360.000031
[15862]	1380.999985
[12920]	1390.000000
[12708]	1390.999985
[13490]	1391.000000
[15741]	1394.999969
[14943]	1396.000000
[13942]	1409.000015
[11711]	1413.999939
[14718]	1414.000000
[14065]	1415.000000
[12455]	1422.000000
[14539]	1447.000000
[11588]	1449.000000
[12769]	1455.999954
[15049]	1470.000046
[12375]	1473.000000
[11123]	1479.000000
[15115]	1490.000000
[13282]	1498.000031
[10925]	1501.000000
[10640]	1510.999954
[15861]	1514.000023
[14648]	1517.000000
[11227]	1522.000000
[11726]	1524.999947
[10589]	1562.000061
[11197]	1573.000000
[10674]	1581.000000
[14845]	1621.000000
[12412]	1623.000000
[15497]	1635.999939
[13894]	1635.999985
[11931]	1647.000000
[14102]	1651.000031
[11762]	1660.000000
[12899]	1662.000000
[14054]	1665.000000
[14534]	1665.000000
[12195]	1669.999939
[11092]	1673.000000
[12171]	1677.000000
[15598]	1684.000000
[16097]	1721.000000
[16261]	1733.000000
[10558]	1733.000031
[15785]	1735.999939
[14237]	1745.000061
[12779]	1770.000000
[14275]	1803.000023
[13109]	1813.000031
[10967]	1816.000000
[15991]	1850.000000
[15554]	1858.000031
[10503]	1860.000000
[15051]	1871.000000
[12175]	1886.000000
[12853]	1926.999969
[11833]	1929.000092
[10272]	1932.000000
[16233]	1935.999939
[13398]	1971.000000
[15582]	1978.000000
[12845]	1996.000000
[11725]	2031.999939
[13484]	2040.999939
[10917]	2055.000000
[15381]	2058.999939
[12363]	2160.000000
[12876]	2182.000000
[10744]	2199.999939
[15454]	2212.000000
[15210]	2214.000000
[11468]	2214.999939
[10930]	2216.999969
[15994]	2224.000000
[13211]	2226.000000
[10540]	2284.000015
[10444]	2297.000061
[11550]	2306.000046
[11288]	2328.000000
[15483]	2381.000000
[13176]	2419.000000
[14081]	2499.999985
[14745]	2537.000000
[12728]	2538.999939
[16268]	2556.999939
[14877]	2585.000061
[13194]	2655.000000
[15855]	2695.000000
[10950]	2698.000000
[15138]	2756.000000
[10613]	2770.000000
[13625]	2816.000000
[15174]	2820.000000
[10245]	2834.999908
[12255]	2865.000000
[11730]	2869.000000
[15277]	2869.000000
[12932]	2892.999878
[13964]	2920.000122
[15147]	2939.000061
[11447]	2957.000000
[13543]	2961.000000
[16252]	2967.000000
[14802]	2991.000092
[15841]	2993.000061
[11844]	3049.999969
[10333]	3079.000122
[15628]	3118.999939
[15374]	3142.999878
[10647]	3152.999878
[14733]	3170.000000
[10409]	3241.999878
[15579]	3245.000000
[16078]	3261.999878
[13024]	3265.999878
[14485]	3274.999908
[12519]	3282.000000
[13541]	3283.999969
[14109]	3292.000122
[11180]	3375.000000
[15632]	3453.000000
[10559]	3459.000092
[11372]	3464.000000
[14451]	3609.000000
[12343]	3618.000000
[14231]	3661.000122
[13162]	3756.000000
[14692]	3792.999878
[13002]	3797.000122
[12807]	3850.000015
[10910]	3851.000000
[10304]	3876.000061
[12250]	3915.000000
[14458]	3939.000000
[10926]	3947.000122
[15130]	4036.000000
[15125]	4128.000000
[10448]	4230.000000
[14186]	4252.000000
[12888]	4269.000000
[11160]	4304.000000
[12177]	4318.000000
[10918]	4491.000000
[15237]	4494.000000
[13784]	4500.000000
[15317]	4532.000000
[14150]	4567.000000
[11587]	4629.000000
[12129]	4668.000000
[15566]	4733.000000
[14256]	4758.999817
[10482]	4831.000000
[16476]	4850.000000
[14722]	4907.000000
[13799]	4958.000000
[11525]	4977.000000
[12335]	4997.999878
[16171]	5022.000000
[13344]	5098.000000
[15584]	5161.000000
[10148]	5406.000000
[11315]	5457.000000
[15478]	5475.000061
[14543]	5497.000122
[10545]	5641.000000
[12365]	5643.000000
[13829]	5649.000000
[10361]	5696.000000
[13983]	5935.000000
[10739]	5955.000000
[11336]	6011.000061
[14006]	6051.000000
[10954]	6089.000000
[14520]	6124.000244
[11905]	6133.999878
[12969]	6268.000000
[15127]	6326.000000
[14470]	6379.000000
[11301]	6430.000000
[14582]	6479.000244
[13068]	6592.999817
[14583]	6594.000000
[13692]	6653.000000
[11724]	6727.000000
[10621]	6788.999817
[11013]	6824.000000
[15113]	6949.000000
[11027]	7122.000000
[13900]	7164.999756
[11076]	7275.000366
[10929]	7300.000000
[10011]	7513.000000
[11097]	7592.000000
[14022]	7772.000244
[14905]	7792.999878
[11471]	7825.999756
[10728]	8199.000000
[13241]	8334.000000
[12119]	8375.000000
[12164]	8389.000000
[11332]	8450.000244
[10141]	8543.000000
[12244]	8682.999756
[11867]	8710.000000
[10542]	8715.999756
[14945]	8719.000000
[10268]	8749.000244
[15074]	8795.000244
[15643]	8816.000000
[10779]	8832.000000
[14992]	8907.000000
[13048]	8961.000000
[10280]	8978.000000
[11865]	9245.000244
[14120]	9270.999756
[10154]	9321.000000
[10631]	9339.000000
[10394]	9341.000244
[15008]	9461.000000
[14496]	9569.000000
[13105]	9686.000000
[13166]	9765.000000
[12239]	9944.000000
[13832]	9966.000000
[14819]	9985.000000
[12124]	10099.000000
[12511]	10508.000244
[12492]	10535.999756
[14051]	10696.000000
[15401]	10734.000000
[12115]	10796.000244
[11445]	10864.000000
[15868]	10934.000000
[10717]	11029.000000
[16133]	11047.000000
[13169]	11056.000000
[10970]	11104.000244
[15215]	11280.000000
[10731]	11358.000000
[10146]	11410.000000
[10878]	11442.000000
[13043]	11684.000244
[13095]	11745.000000
[13388]	11880.000000
[14113]	12011.000244
[12184]	12391.999512
[14960]	12393.000000
[12007]	12397.000000
[14709]	12466.999512
[16306]	12897.000000
[10608]	12916.999512
[15048]	13132.000000
[11274]	13165.000000
[14487]	13272.999756
[11170]	13278.000000
[11172]	13379.000000
[16173]	13453.000488
[10754]	13485.000549
[15607]	13506.000000
[11671]	13575.000000
[11187]	13704.999268
[10758]	13727.000000
[10577]	13954.000000
[11534]	14011.999512
[11699]	14180.000000
[11082]	14226.000000
[11308]	14571.000000
[13034]	14883.999512
[13459]	14998.999512
[12891]	15007.000000
[11126]	15064.000244
[12915]	15487.000488
[15411]	15672.000000
[11150]	15943.000427
[14092]	16036.000244
[10275]	16097.000000
[11519]	16170.000000
[14704]	16214.000000
[14588]	16224.000244
[11563]	16433.999817
[14828]	17073.000183
[12553]	17388.000000
[15389]	17491.999512
[11654]	17518.999512
[10658]	17751.000000
[15022]	18130.999756
[13933]	18169.000244
[16293]	18197.000000
[12012]	18221.000000
[10155]	18473.000977
[14879]	18665.999756
[15627]	18667.000488
[14842]	18820.000732
[13873]	18827.000305
[11907]	18864.000244
[11470]	18865.000000
[11928]	18873.000000
[13290]	19191.999512
[10150]	19274.000000
[10872]	19404.000000
[13306]	19597.999512
[12627]	19615.000000
[10486]	19762.000000
[11695]	20031.000000
[14645]	20091.000000
[13532]	20593.000000
[10210]	20663.000244
[10157]	20703.000488
[14222]	20853.999023
[14303]	20856.000000
[14637]	20936.000000
[13970]	21005.000610
[10170]	21031.999512
[12389]	21343.000000
[11980]	21763.999756
[10661]	21847.000000
[13127]	22543.999023
[11049]	22571.000977
[11488]	23391.000000
[11111]	23757.000000
[12849]	23968.000000
[14259]	24388.999512
[16101]	24579.999756
[11075]	24705.000000
[13289]	24800.000000
[16242]	24816.000000
[14278]	24849.000000
[16218]	25747.000000
[10676]	25768.999512
[16115]	25916.999268
[11778]	26004.999023
[12223]	26322.000000
[11869]	26522.000977
[11950]	26530.000000
[14299]	26625.000000
[13139]	26678.000488
[10136]	27210.000000
[11555]	27470.000427
[15626]	27795.000488
[13076]	28010.000977
[11067]	28079.000977
[12819]	28089.000000
[14716]	28159.000488
[10287]	28374.000000
[11793]	28407.000000
[12397]	28607.000000
[15041]	28892.999023
[12472]	28926.000000
[11577]	28962.999023
[11122]	29014.000488
[14314]	29349.998535
[13061]	29475.000671
[14674]	29903.000488
[14849]	30026.001221
[13347]	30342.000000
[12156]	30351.999512
[10561]	30802.000000
[14918]	30961.999512
[14794]	31574.000977
[12180]	31823.000977
[13602]	31868.000977
[14952]	32166.000000
[11617]	32191.999512
[11052]	32542.000000
[13377]	32583.999023
[16477]	32723.000488
[14254]	32953.000000
[11731]	33290.000977
[15295]	33486.000488
[16163]	34394.000977
[11070]	35064.000000
[11185]	35655.999023
[14633]	35964.001465
[13184]	36887.000977
[12026]	37224.000488
[15192]	37236.001465
[12917]	37521.999756
[11888]	37788.000000
[11203]	38057.999268
[11337]	38078.998535
[14228]	38706.000000
[12101]	39555.000000
[14924]	40380.000000
[10747]	40434.999390
[12544]	40730.998535
[14711]	41447.000122
[11898]	42062.000977
[12280]	42238.000000
[16304]	42935.998535
[11537]	42968.999023
[11982]	43277.000000
[16263]	43383.000000
[15070]	44420.000000
[13433]	45034.000000
[10162]	45150.999023
[10590]	45212.000732
[13370]	45962.001953
[13029]	45998.998901
[10551]	46588.001953
[10469]	47171.998535
[14512]	47253.001465
[10185]	47384.997559
[13795]	47400.999023
[13943]	47441.000000
[13277]	48792.999023
[10312]	48810.002441
[13594]	49159.000000
[15718]	49252.000000
[10685]	50758.001465
[12003]	50856.001465
[15023]	52881.000000
[15380]	53006.000977
[14698]	54118.999512
[11164]	54352.000000
[11413]	54807.000000
[14207]	55182.001953
[15323]	57192.998047
[13502]	59856.998291
[12884]	60101.001953
[12898]	60983.999023
[14098]	61118.998535
[16085]	61878.999023
[15567]	62256.000000
[11146]	62329.001709
[13476]	62893.001221
[11648]	63384.997559
[10716]	63416.000000
[12951]	63599.998535
[10581]	63830.002441
[11612]	65088.998047
[15513]	65536.001953
[15595]	65802.000000
[14025]	66036.997559
[12520]	66897.000000
[11244]	67201.000488
[12094]	68517.998535
[14457]	68578.999023
[11921]	68923.000000
[12265]	69407.002930
[10696]	69796.001953
[11953]	70303.001953
[15402]	71920.000000
[11641]	72199.996094
[13218]	74395.000000
[13360]	76074.997070
[10521]	77744.003906
[15027]	79324.998047
[10434]	80260.000488
[12523]	82770.997559
[13694]	82831.000000
[13952]	83152.001953
[16232]	83809.997314
[14814]	83890.002441
[10627]	86392.001953
[10732]	86730.998535
[11977]	86823.000977
[10517]	90155.000000
[14574]	90952.000488
[10408]	91238.003906
[13243]	91873.998047
[10208]	93442.000244
[10638]	94324.001953
[14681]	94747.000000
[12206]	95801.995361
[13422]	96804.001465
[10911]	97008.002930
[10575]	97431.997070
[15455]	98415.000000
[10135]	98638.997070
[10279]	99347.000977
[13486]	99621.000000
[10990]	99891.001465
[14489]	99920.997070
[14696]	100940.996094
[12051]	101480.000000
[12441]	101534.998535
[14108]	101655.996094
[12991]	102132.002930
[11140]	103162.997070
[11973]	103817.998291
[14824]	104133.000000
[13256]	104595.996094
[14689]	105064.000488
[15356]	106339.997559
[16215]	107489.997070
[11503]	107507.994141
[13367]	108997.998047
[15249]	109680.996094
[14252]	113186.999023
[15058]	114212.000000
[10357]	114394.003906
[11290]	115599.000000
[11252]	115899.000000
[10781]	116928.003906
[13264]	117027.003906
[11823]	117078.996826
[10431]	118311.001953
[10372]	118369.995117
[11915]	119582.998047
[10620]	120191.000000
[10752]	121709.003906
[12323]	124649.998535
[16149]	125091.001953
[11721]	126571.001465
[13269]	127178.994141
[11481]	127462.000977
[10846]	127761.005859
[13560]	129040.998047
[11444]	129465.996094
[14783]	135029.995117
[12699]	135377.001953
[10666]	135962.995117
[12896]	139366.994873
[11637]	139575.001465
[15624]	139951.996094
[10877]	140887.001953
[14210]	142642.000000
[12448]	144033.996094
[10980]	145095.000000
[11118]	145940.996094
[11603]	147376.994629
[14153]	148679.995605
[11630]	152700.994141
[13158]	153966.997559
[11868]	157439.003906
[10868]	158946.997070
[12693]	159469.994141
[12217]	163369.000977
[11775]	167098.993164
[11624]	167261.991211
[14955]	167410.000000
[10785]	170535.005859
[16042]	171888.996094
[13514]	172954.995117
[10849]	173056.991211
[15084]	173525.996094
[12391]	182754.000000
[11003]	182864.004395
[10158]	183189.002930
[13165]	184774.995117
[14012]	185017.998047
[11651]	186019.000000
[13230]	186427.005371
[13408]	191800.000000
[12945]	197931.003906
[12010]	198069.005859
[10244]	199030.992188
[12990]	202853.991211
[10415]	203062.007813
[15013]	206619.998047
[15919]	208100.990234
[14717]	209032.998047
[12402]	213111.992188
[15258]	224986.992188
[11638]	227235.996094
[11109]	227871.007813
[12278]	228860.001221
[10874]	229161.002930
[14321]	234315.988770
[12197]	237903.995239
[14082]	239613.007813
[14193]	240554.003906
[13577]	241734.990234
[14986]	252351.004883
[11995]	259790.000000
[10466]	260337.005859
[12395]	267334.998047
[15412]	268993.994141
[16321]	269199.000000
[12651]	269844.996094
[10411]	270788.989258
[15024]	287221.997070
[13296]	288256.006348
[14677]	288436.996094
[12992]	291210.985352
[13485]	294811.995117
[11996]	298360.990234
[13156]	302921.005859
[11267]	309627.004395
[12169]	309816.992188
[15092]	313020.000000
[15096]	313193.988281
[12986]	314124.001953
[12966]	317245.005859
[11625]	317945.988281
[11435]	318750.988281
[11369]	323900.996094
[13518]	324931.003906
[12073]	327570.011719
[14112]	344808.998047
[10711]	350216.003906
[14685]	352498.993164
[13605]	354344.990234
[14739]	363928.007813
[14576]	371773.996094
[14838]	373986.005859
[15370]	396955.013672
[11423]	398351.982910
[10599]	400378.016602
[11540]	427611.019043
[15306]	429279.000000
[10257]	437850.988770
[11988]	455448.000000
[14761]	456414.978516
[11986]	458099.999023
[13180]	462070.019531
[12016]	468075.993164
[13931]	472728.982422
[12982]	482191.992188
[14730]	486290.996338
[14312]	490100.016602
[14309]	496308.996094
[11884]	501583.989258
[16257]	508979.003906
[14066]	511742.988281
[14286]	523086.992188
[14262]	525690.000000
[10713]	526261.017578
[13851]	528128.981445
[14293]	531301.998047
[14524]	541599.003906
[14307]	547341.020508
[12143]	547650.990234
[14832]	560757.011719
[11455]	569629.023438
[10994]	570323.014648
[11874]	584891.988281
[12758]	589053.984375
[12954]	589540.000000
[15376]	590405.003906
[14570]	596194.992188
[13244]	621015.993408
[10299]	634981.979492
[16217]	646437.998047
[10140]	668661.020508
[13871]	670368.015625
[13891]	694108.000977
[10792]	704532.988281
[10800]	712648.028320
[10292]	750191.015625
[12451]	865813.988281
[12277]	898405.000000
[16229]	903841.986328
[10920]	907162.988281
[11760]	911685.023438
[10529]	973998.008789
[13744]	1035431.015625
[11193]	1068391.052734
[11066]	1119232.968750
[13342]	1121197.037109
[13830]	1160596.964844
[13252]	1231503.027344
[14122]	1240841.953125
[11042]	1307905.004883
[14027]	1308330.017578
[12339]	1320394.930664
[14683]	1327087.988281
[14843]	1492078.016602
[14893]	1550121.030273
[14908]	1572618.003906
[14492]	1675056.990234
[13198]	1691918.976563
[11032]	1734052.007813
[14831]	1743391.980469
[13796]	1867986.946289
[13495]	1889236.010742
[10423]	1992460.035156
[10693]	2024790.053711
[16271]	2036020.000000
[12191]	2055899.019531
[14635]	2077061.914063
[12972]	2130831.000000
[15016]	2166107.027344
[11259]	2388532.031250
[14057]	2720281.992188
[12264]	3119356.084961
[12173]	3130208.929688
[13232]	3183814.968750
[14679]	3255409.054688
[15304]	3370482.882813
[11278]	3600756.957031
[14869]	3681466.875000
[10821]	3807493.035156
[14100]	4309697.906250
[12953]	4352404.007813
[11433]	5236248.062500
[10721]	5500920.937500
[11697]	5624188.984375
[13487]	5724105.113281
[12266]	6282525.099609
[11618]	6554131.775391
[14747]	6593043.843750
[11057]	6946341.718750
[13303]	7054141.115234
[14107]	7244645.976563
[13204]	7354688.789063
[12889]	7368163.171875
[14771]	7698106.019531
[12478]	8797245.937500
[11292]	9062010.390625
[11298]	9803937.187500
[13930]	11253019.878906
[12892]	12485624.210938
[10397]	15732117.617188
