[10005]	1.000000
[10016]	1.000000
[10042]	1.000000
[10122]	1.000000
[10148]	1.000000
[10165]	1.000000
[10181]	1.000000
[10182]	1.000000
[10205]	1.000000
[10209]	1.000000
[10224]	1.000000
[10237]	1.000000
[10258]	1.000000
[10275]	1.000000
[10280]	1.000000
[10310]	1.000000
[10347]	1.000000
[10361]	1.000000
[10374]	1.000000
[10400]	1.000000
[10435]	1.000000
[10448]	1.000000
[10460]	1.000000
[10478]	1.000000
[10480]	1.000000
[10486]	1.000000
[10503]	1.000000
[10511]	1.000000
[10545]	1.000000
[10556]	1.000000
[10569]	1.000000
[10585]	1.000000
[10591]	1.000000
[10613]	1.000000
[10617]	1.000000
[10623]	1.000000
[10674]	1.000000
[10697]	1.000000
[10746]	1.000000
[10750]	1.000000
[10758]	1.000000
[10863]	1.000000
[10872]	1.000000
[10878]	1.000000
[10884]	1.000000
[10889]	1.000000
[10900]	1.000000
[10923]	1.000000
[10929]	1.000000
[10938]	1.000000
[10945]	1.000000
[10961]	1.000000
[10967]	1.000000
[11002]	1.000000
[11030]	1.000000
[11031]	1.000000
[11036]	1.000000
[11050]	1.000000
[11053]	1.000000
[11063]	1.000000
[11082]	1.000000
[11160]	1.000000
[11180]	1.000000
[11194]	1.000000
[11197]	1.000000
[11216]	1.000000
[11230]	1.000000
[11241]	1.000000
[11245]	1.000000
[11282]	1.000000
[11295]	1.000000
[11299]	1.000000
[11344]	1.000000
[11351]	1.000000
[11367]	1.000000
[11372]	1.000000
[11394]	1.000000
[11410]	1.000000
[11417]	1.000000
[11430]	1.000000
[11434]	1.000000
[11459]	1.000000
[11463]	1.000000
[11525]	1.000000
[11531]	1.000000
[11559]	1.000000
[11655]	1.000000
[11671]	1.000000
[11675]	1.000000
[11699]	1.000000
[11714]	1.000000
[11715]	1.000000
[11716]	1.000000
[11719]	1.000000
[11720]	1.000000
[11724]	1.000000
[11728]	1.000000
[11730]	1.000000
[11756]	1.000000
[11773]	1.000000
[11842]	1.000000
[11908]	1.000000
[11914]	1.000000
[11938]	1.000000
[11945]	1.000000
[11947]	1.000000
[11966]	1.000000
[12029]	1.000000
[12054]	1.000000
[12067]	1.000000
[12136]	1.000000
[12177]	1.000000
[12190]	1.000000
[12211]	1.000000
[12222]	1.000000
[12245]	1.000000
[12252]	1.000000
[12255]	1.000000
[12314]	1.000000
[12315]	1.000000
[12347]	1.000000
[12370]	1.000000
[12375]	1.000000
[12390]	1.000000
[12436]	1.000000
[12455]	1.000000
[12509]	1.000000
[12595]	1.000000
[12625]	1.000000
[12663]	1.000000
[12681]	1.000000
[12684]	1.000000
[12739]	1.000000
[12782]	1.000000
[12785]	1.000000
[12832]	1.000000
[12841]	1.000000
[12846]	1.000000
[12849]	1.000000
[12854]	1.000000
[12857]	1.000000
[12863]	1.000000
[12869]	1.000000
[12876]	1.000000
[12888]	1.000000
[12891]	1.000000
[12920]	1.000000
[12947]	1.000000
[12969]	1.000000
[12987]	1.000000
[13016]	1.000000
[13046]	1.000000
[13047]	1.000000
[13048]	1.000000
[13051]	1.000000
[13055]	1.000000
[13095]	1.000000
[13111]	1.000000
[13143]	1.000000
[13145]	1.000000
[13169]	1.000000
[13176]	1.000000
[13182]	1.000000
[13200]	1.000000
[13203]	1.000000
[13246]	1.000000
[13251]	1.000000
[13292]	1.000000
[13307]	1.000000
[13322]	1.000000
[13348]	1.000000
[13359]	1.000000
[13463]	1.000000
[13464]	1.000000
[13491]	1.000000
[13504]	1.000000
[13525]	1.000000
[13532]	1.000000
[13536]	1.000000
[13540]	1.000000
[13564]	1.000000
[13574]	1.000000
[13592]	1.000000
[13614]	1.000000
[13628]	1.000000
[13629]	1.000000
[13654]	1.000000
[13655]	1.000000
[13658]	1.000000
[13682]	1.000000
[13692]	1.000000
[13693]	1.000000
[13700]	1.000000
[13704]	1.000000
[13714]	1.000000
[13757]	1.000000
[13771]	1.000000
[13784]	1.000000
[13792]	1.000000
[13799]	1.000000
[13812]	1.000000
[13826]	1.000000
[13827]	1.000000
[13828]	1.000000
[13829]	1.000000
[13856]	1.000000
[13888]	1.000000
[13890]	1.000000
[13968]	1.000000
[13998]	1.000000
[14006]	1.000000
[14030]	1.000000
[14051]	1.000000
[14065]	1.000000
[14091]	1.000000
[14167]	1.000000
[14201]	1.000000
[14236]	1.000000
[14239]	1.000000
[14270]	1.000000
[14303]	1.000000
[14332]	1.000000
[14380]	1.000000
[14408]	1.000000
[14451]	1.000000
[14453]	1.000000
[14458]	1.000000
[14470]	1.000000
[14475]	1.000000
[14488]	1.000000
[14493]	1.000000
[14533]	1.000000
[14534]	1.000000
[14535]	1.000000
[14583]	1.000000
[14618]	1.000000
[14630]	1.000000
[14631]	1.000000
[14646]	1.000000
[14686]	1.000000
[14695]	1.000000
[14713]	1.000000
[14733]	1.000000
[14744]	1.000000
[14749]	1.000000
[14750]	1.000000
[14754]	1.000000
[14845]	1.000000
[14863]	1.000000
[14889]	1.000000
[14897]	1.000000
[14904]	1.000000
[14927]	1.000000
[14938]	1.000000
[14941]	1.000000
[14943]	1.000000
[14945]	1.000000
[14965]	1.000000
[14992]	1.000000
[14993]	1.000000
[15052]	1.000000
[15063]	1.000000
[15088]	1.000000
[15091]	1.000000
[15106]	1.000000
[15115]	1.000000
[15125]	1.000000
[15127]	1.000000
[15130]	1.000000
[15138]	1.000000
[15154]	1.000000
[15171]	1.000000
[15220]	1.000000
[15221]	1.000000
[15232]	1.000000
[15235]	1.000000
[15250]	1.000000
[15278]	1.000000
[15344]	1.000000
[15383]	1.000000
[15411]	1.000000
[15440]	1.000000
[15454]	1.000000
[15481]	1.000000
[15498]	1.000000
[15504]	1.000000
[15505]	1.000000
[15508]	1.000000
[15525]	1.000000
[15530]	1.000000
[15532]	1.000000
[15548]	1.000000
[15566]	1.000000
[15584]	1.000000
[15598]	1.000000
[15601]	1.000000
[15632]	1.000000
[15643]	1.000000
[15649]	1.000000
[15754]	1.000000
[15774]	1.000000
[15793]	1.000000
[15825]	1.000000
[15855]	1.000000
[15868]	1.000000
[15872]	1.000000
[15879]	1.000000
[15885]	1.000000
[15934]	1.000000
[15937]	1.000000
[15973]	1.000000
[15994]	1.000000
[16058]	1.000000
[16096]	1.000000
[16156]	1.000000
[16171]	1.000000
[16172]	1.000000
[16175]	1.000000
[16179]	1.000000
[16250]	1.000000
[16251]	1.000000
[16254]	1.000000
[16261]	1.000000
[16286]	1.000000
[16322]	1.000000
[16345]	1.000000
[16364]	1.000000
[16425]	1.000000
[16426]	1.000000
[16442]	1.000000
[16454]	1.000000
[16456]	1.000000
[16476]	1.000000
[16519]	1.000000
[16526]	1.000000
[16588]	1.000000
[16599]	1.000000
[16647]	1.000000
[16668]	1.000000
[16754]	1.000000
[16758]	1.000000
[16760]	1.000000
[16761]	1.000000
[16762]	1.000000
[16763]	1.000000
[16764]	1.000000
[10033]	2.000000
[10221]	2.000000
[10243]	2.000000
[10272]	2.000000
[10278]	2.000000
[10300]	2.000000
[10322]	2.000000
[10338]	2.000000
[10414]	2.000000
[10419]	2.000000
[10427]	2.000000
[10482]	2.000000
[10504]	2.000000
[10535]	2.000000
[10658]	2.000000
[10678]	2.000000
[10716]	2.000000
[10730]	2.000000
[10778]	2.000000
[10817]	2.000000
[10838]	2.000000
[10857]	2.000000
[10910]	2.000000
[10925]	2.000000
[10933]	2.000000
[10950]	2.000000
[10954]	2.000000
[10971]	2.000000
[11015]	2.000000
[11052]	2.000000
[11058]	2.000000
[11070]	2.000000
[11075]	2.000000
[11085]	2.000000
[11092]	2.000000
[11097]	2.000000
[11098]	2.000000
[11099]	2.000000
[11165]	2.000000
[11172]	2.000000
[11198]	2.000000
[11215]	2.000000
[11283]	2.000000
[11301]	2.000000
[11317]	2.000000
[11431]	2.000000
[11447]	2.000000
[11479]	2.000000
[11493]	2.000000
[11496]	2.000000
[11511]	2.000000
[11512]	2.000000
[11517]	2.000000
[11538]	2.000000
[11545]	2.000000
[11582]	2.000000
[11592]	2.000000
[11615]	2.000000
[11619]	2.000000
[11627]	2.000000
[11643]	2.000000
[11656]	2.000000
[11695]	2.000000
[11732]	2.000000
[11859]	2.000000
[11867]	2.000000
[11871]	2.000000
[11879]	2.000000
[11910]	2.000000
[11931]	2.000000
[11961]	2.000000
[11997]	2.000000
[12018]	2.000000
[12066]	2.000000
[12124]	2.000000
[12127]	2.000000
[12132]	2.000000
[12141]	2.000000
[12149]	2.000000
[12174]	2.000000
[12207]	2.000000
[12228]	2.000000
[12253]	2.000000
[12365]	2.000000
[12388]	2.000000
[12412]	2.000000
[12519]	2.000000
[12559]	2.000000
[12587]	2.000000
[12598]	2.000000
[12621]	2.000000
[12627]	2.000000
[12633]	2.000000
[12685]	2.000000
[12705]	2.000000
[12773]	2.000000
[12798]	2.000000
[12845]	2.000000
[12866]	2.000000
[12886]	2.000000
[12902]	2.000000
[12956]	2.000000
[13072]	2.000000
[13125]	2.000000
[13162]	2.000000
[13166]	2.000000
[13194]	2.000000
[13241]	2.000000
[13255]	2.000000
[13344]	2.000000
[13415]	2.000000
[13424]	2.000000
[13472]	2.000000
[13490]	2.000000
[13505]	2.000000
[13507]	2.000000
[13520]	2.000000
[13543]	2.000000
[13579]	2.000000
[13731]	2.000000
[13854]	2.000000
[13865]	2.000000
[13943]	2.000000
[14046]	2.000000
[14062]	2.000000
[14101]	2.000000
[14115]	2.000000
[14186]	2.000000
[14197]	2.000000
[14218]	2.000000
[14229]	2.000000
[14254]	2.000000
[14299]	2.000000
[14431]	2.000000
[14477]	2.000000
[14496]	2.000000
[14539]	2.000000
[14648]	2.000000
[14691]	2.000000
[14706]	2.000000
[14722]	2.000000
[14745]	2.000000
[14751]	2.000000
[14797]	2.000000
[14871]	2.000000
[14924]	2.000000
[14987]	2.000000
[15008]	2.000000
[15048]	2.000000
[15051]	2.000000
[15057]	2.000000
[15113]	2.000000
[15129]	2.000000
[15174]	2.000000
[15231]	2.000000
[15237]	2.000000
[15256]	2.000000
[15277]	2.000000
[15317]	2.000000
[15385]	2.000000
[15401]	2.000000
[15406]	2.000000
[15448]	2.000000
[15458]	2.000000
[15483]	2.000000
[15582]	2.000000
[15606]	2.000000
[15607]	2.000000
[15725]	2.000000
[15842]	2.000000
[15853]	2.000000
[15856]	2.000000
[16097]	2.000000
[16178]	2.000000
[16218]	2.000000
[16267]	2.000000
[16310]	2.000000
[16540]	2.000000
[16542]	2.000000
[16634]	2.000000
[10162]	3.000000
[10198]	3.000000
[10287]	3.000000
[10325]	3.000000
[10333]	3.000000
[10394]	3.000000
[10409]	3.000000
[10542]	3.000000
[10557]	3.000000
[10562]	3.000000
[10568]	3.000000
[10589]	3.000000
[10608]	3.000000
[10696]	3.000000
[10728]	3.000000
[10731]	3.000000
[10739]	3.000000
[10744]	3.000000
[10783]	3.000000
[10918]	3.000000
[11007]	3.000000
[11135]	3.000000
[11185]	3.000000
[11308]	3.000000
[11315]	3.000000
[11375]	3.000000
[11391]	3.000000
[11392]	3.000000
[11399]	3.000000
[11441]	3.000000
[11468]	3.000000
[11484]	3.000000
[11495]	3.000000
[11522]	3.000000
[11564]	3.000000
[11587]	3.000000
[11646]	3.000000
[11684]	3.000000
[11725]	3.000000
[11793]	3.000000
[11865]	3.000000
[11905]	3.000000
[11924]	3.000000
[11928]	3.000000
[12115]	3.000000
[12129]	3.000000
[12134]	3.000000
[12180]	3.000000
[12263]	3.000000
[12287]	3.000000
[12343]	3.000000
[12472]	3.000000
[12494]	3.000000
[12511]	3.000000
[12553]	3.000000
[12649]	3.000000
[12653]	3.000000
[12671]	3.000000
[12721]	3.000000
[12737]	3.000000
[12772]	3.000000
[12815]	3.000000
[12882]	3.000000
[12915]	3.000000
[12938]	3.000000
[13043]	3.000000
[13243]	3.000000
[13282]	3.000000
[13381]	3.000000
[13484]	3.000000
[13535]	3.000000
[13546]	3.000000
[13599]	3.000000
[13602]	3.000000
[13689]	3.000000
[13832]	3.000000
[13862]	3.000000
[13863]	3.000000
[13900]	3.000000
[13934]	3.000000
[13984]	3.000000
[14088]	3.000000
[14113]	3.000000
[14182]	3.000000
[14231]	3.000000
[14237]	3.000000
[14250]	3.000000
[14288]	3.000000
[14306]	3.000000
[14435]	3.000000
[14543]	3.000000
[14559]	3.000000
[14561]	3.000000
[14582]	3.000000
[14645]	3.000000
[14738]	3.000000
[14853]	3.000000
[14875]	3.000000
[14877]	3.000000
[14960]	3.000000
[15012]	3.000000
[15020]	3.000000
[15043]	3.000000
[15061]	3.000000
[15147]	3.000000
[15160]	3.000000
[15163]	3.000000
[15210]	3.000000
[15215]	3.000000
[15446]	3.000000
[15569]	3.000000
[15627]	3.000000
[16083]	3.000000
[16166]	3.000000
[16233]	3.000000
[16242]	3.000000
[16253]	3.000000
[16268]	3.000000
[16428]	3.000000
[16525]	3.000000
[16567]	3.000000
[10011]	4.000000
[10141]	4.000000
[10150]	4.000000
[10172]	4.000000
[10349]	4.000000
[10577]	4.000000
[10630]	4.000000
[10631]	4.000000
[10717]	4.000000
[10779]	4.000000
[11013]	4.000000
[11164]	4.000000
[11170]	4.000000
[11214]	4.000000
[11233]	4.000000
[11290]	4.000000
[11421]	4.000000
[11456]	4.000000
[11470]	4.000000
[11488]	4.000000
[11548]	4.000000
[11588]	4.000000
[11790]	4.000000
[11888]	4.000000
[11950]	4.000000
[12055]	4.000000
[12119]	4.000000
[12155]	4.000000
[12164]	4.000000
[12175]	4.000000
[12320]	4.000000
[12363]	4.000000
[12389]	4.000000
[12520]	4.000000
[12720]	4.000000
[13087]	4.000000
[13211]	4.000000
[13218]	4.000000
[13297]	4.000000
[13388]	4.000000
[13501]	4.000000
[13618]	4.000000
[13672]	4.000000
[13983]	4.000000
[14054]	4.000000
[14119]	4.000000
[14150]	4.000000
[14228]	4.000000
[14268]	4.000000
[14282]	4.000000
[14467]	4.000000
[14637]	4.000000
[14672]	4.000000
[14704]	4.000000
[14721]	4.000000
[14792]	4.000000
[14819]	4.000000
[14942]	4.000000
[15030]	4.000000
[15260]	4.000000
[15325]	4.000000
[15402]	4.000000
[15447]	4.000000
[15581]	4.000000
[15718]	4.000000
[15798]	4.000000
[16016]	4.000000
[16252]	4.000000
[16293]	4.000000
[16306]	4.000000
[16390]	4.000000
[16719]	4.000000
[10157]	5.000000
[10184]	5.000000
[10268]	5.000000
[10298]	5.000000
[10558]	5.000000
[10615]	5.000000
[10647]	5.000000
[10819]	5.000000
[10877]	5.000000
[10930]	5.000000
[10982]	5.000000
[10996]	5.000000
[11126]	5.000000
[11274]	5.000000
[11411]	5.000000
[11418]	5.000000
[11453]	5.000000
[11471]	5.000000
[11487]	5.000000
[11519]	5.000000
[11762]	5.000000
[11834]	5.000000
[11915]	5.000000
[11952]	5.000000
[12051]	5.000000
[12101]	5.000000
[12125]	5.000000
[12235]	5.000000
[12250]	5.000000
[12335]	5.000000
[12402]	5.000000
[12492]	5.000000
[12638]	5.000000
[12728]	5.000000
[12868]	5.000000
[12932]	5.000000
[13109]	5.000000
[13139]	5.000000
[13370]	5.000000
[13418]	5.000000
[13467]	5.000000
[13619]	5.000000
[13785]	5.000000
[13806]	5.000000
[13933]	5.000000
[13936]	5.000000
[14109]	5.000000
[14120]	5.000000
[14131]	5.000000
[14207]	5.000000
[14222]	5.000000
[14520]	5.000000
[14577]	5.000000
[14588]	5.000000
[14674]	5.000000
[14692]	5.000000
[14879]	5.000000
[14898]	5.000000
[14905]	5.000000
[15054]	5.000000
[15236]	5.000000
[15380]	5.000000
[15628]	5.000000
[15991]	5.000000
[16443]	5.000000
[10136]	6.000000
[10244]	6.000000
[10313]	6.000000
[10396]	6.000000
[10415]	6.000000
[10444]	6.000000
[10654]	6.000000
[10815]	6.000000
[11086]	6.000000
[11288]	6.000000
[11332]	6.000000
[11413]	6.000000
[11415]	6.000000
[11444]	6.000000
[11534]	6.000000
[11654]	6.000000
[11731]	6.000000
[11778]	6.000000
[11789]	6.000000
[11827]	6.000000
[11845]	6.000000
[11869]	6.000000
[12171]	6.000000
[12244]	6.000000
[12294]	6.000000
[12610]	6.000000
[12635]	6.000000
[12641]	6.000000
[13024]	6.000000
[13032]	6.000000
[13076]	6.000000
[13184]	6.000000
[13306]	6.000000
[13347]	6.000000
[13377]	6.000000
[13459]	6.000000
[13676]	6.000000
[13715]	6.000000
[14004]	6.000000
[14022]	6.000000
[14278]	6.000000
[14736]	6.000000
[14794]	6.000000
[14919]	6.000000
[15074]	6.000000
[15092]	6.000000
[15124]	6.000000
[15177]	6.000000
[15257]	6.000000
[15293]	6.000000
[15374]	6.000000
[15381]	6.000000
[15455]	6.000000
[15497]	6.000000
[15567]	6.000000
[15604]	6.000000
[15841]	6.000000
[16163]	6.000000
[16173]	6.000000
[16263]	6.000000
[10204]	7.000000
[10210]	7.000000
[10469]	7.000000
[10661]	7.000000
[10676]	7.000000
[11028]	7.000000
[11041]	7.000000
[11076]	7.000000
[11337]	7.000000
[11445]	7.000000
[11577]	7.000000
[11625]	7.000000
[11833]	7.000000
[11907]	7.000000
[12265]	7.000000
[12693]	7.000000
[12748]	7.000000
[12784]	7.000000
[12991]	7.000000
[13034]	7.000000
[13068]	7.000000
[13121]	7.000000
[13408]	7.000000
[13541]	7.000000
[13694]	7.000000
[13768]	7.000000
[13809]	7.000000
[14092]	7.000000
[14130]	7.000000
[14256]	7.000000
[14273]	7.000000
[14314]	7.000000
[14397]	7.000000
[14487]	7.000000
[14553]	7.000000
[14698]	7.000000
[14842]	7.000000
[14880]	7.000000
[15013]	7.000000
[15022]	7.000000
[15041]	7.000000
[15045]	7.000000
[15570]	7.000000
[15626]	7.000000
[16115]	7.000000
[16215]	7.000000
[10146]	8.000000
[10171]	8.000000
[10561]	8.000000
[10917]	8.000000
[11982]	8.000000
[12012]	8.000000
[12214]	8.000000
[12239]	8.000000
[12280]	8.000000
[12397]	8.000000
[12615]	8.000000
[12652]	8.000000
[12676]	8.000000
[12709]	8.000000
[12755]	8.000000
[12819]	8.000000
[12844]	8.000000
[12855]	8.000000
[12899]	8.000000
[13594]	8.000000
[13625]	8.000000
[13767]	8.000000
[14125]	8.000000
[14656]	8.000000
[14824]	8.000000
[14886]	8.000000
[14952]	8.000000
[15018]	8.000000
[15023]	8.000000
[15058]	8.000000
[15282]	8.000000
[15579]	8.000000
[15595]	8.000000
[15709]	8.000000
[16133]	8.000000
[10216]	9.000000
[10241]	9.000000
[10405]	9.000000
[10519]	9.000000
[10521]	9.000000
[10911]	9.000000
[11244]	9.000000
[11492]	9.000000
[11535]	9.000000
[12395]	9.000000
[12822]	9.000000
[12951]	9.000000
[12957]	9.000000
[13560]	9.000000
[13710]	9.000000
[13942]	9.000000
[13964]	9.000000
[14320]	9.000000
[14474]	9.000000
[14489]	9.000000
[14717]	9.000000
[14802]	9.000000
[14816]	9.000000
[15192]	9.000000
[15862]	9.000000
[15887]	9.000000
[16085]	9.000000
[16101]	9.000000
[16128]	9.000000
[16304]	9.000000
[10225]	10.000000
[10357]	10.000000
[10517]	10.000000
[10683]	10.000000
[10926]	10.000000
[10970]	10.000000
[11369]	10.000000
[11711]	10.000000
[12087]	10.000000
[12156]	10.000000
[12268]	10.000000
[12699]	10.000000
[12831]	10.000000
[12851]	10.000000
[12853]	10.000000
[12898]	10.000000
[13002]	10.000000
[13127]	10.000000
[13196]	10.000000
[13289]	10.000000
[13290]	10.000000
[13947]	10.000000
[14918]	10.000000
[15153]	10.000000
[15245]	10.000000
[15246]	10.000000
[15258]	10.000000
[15323]	10.000000
[15389]	10.000000
[15794]	10.000000
[10139]	11.000000
[10247]	11.000000
[10312]	11.000000
[10327]	11.000000
[10640]	11.000000
[10685]	11.000000
[11203]	11.000000
[11612]	11.000000
[11617]	11.000000
[11941]	11.000000
[12007]	11.000000
[12708]	11.000000
[12966]	11.000000
[13113]	11.000000
[13341]	11.000000
[13433]	11.000000
[14485]	11.000000
[14849]	11.000000
[14895]	11.000000
[15049]	11.000000
[15513]	11.000000
[15785]	11.000000
[10154]	12.000000
[10638]	12.000000
[10752]	12.000000
[11376]	12.000000
[11628]	12.000000
[12223]	12.000000
[12348]	12.000000
[12704]	12.000000
[12779]	12.000000
[13295]	12.000000
[13486]	12.000000
[13795]	12.000000
[13952]	12.000000
[13987]	12.000000
[14259]	12.000000
[14530]	12.000000
[14739]	12.000000
[15027]	12.000000
[15306]	12.000000
[15721]	12.000000
[10775]	13.000000
[11118]	13.000000
[11187]	13.000000
[11455]	13.000000
[11537]	13.000000
[11648]	13.000000
[12719]	13.000000
[12986]	13.000000
[13277]	13.000000
[13360]	13.000000
[13770]	13.000000
[14025]	13.000000
[14098]	13.000000
[14457]	13.000000
[14804]	13.000000
[14805]	13.000000
[15085]	13.000000
[15861]	13.000000
[10416]	14.000000
[10846]	14.000000
[11435]	14.000000
[11980]	14.000000
[11988]	14.000000
[12026]	14.000000
[12169]	14.000000
[13269]	14.000000
[13369]	14.000000
[13518]	14.000000
[14012]	14.000000
[14102]	14.000000
[14252]	14.000000
[14716]	14.000000
[15295]	14.000000
[10056]	15.000000
[10627]	15.000000
[12324]	15.000000
[12900]	15.000000
[13165]	15.000000
[13422]	15.000000
[13434]	15.000000
[13502]	15.000000
[13894]	15.000000
[14234]	15.000000
[14633]	15.000000
[14856]	15.000000
[15554]	15.000000
[11227]	16.000000
[11252]	16.000000
[11651]	16.000000
[11921]	16.000000
[12321]	16.000000
[12574]	16.000000
[13094]	16.000000
[13105]	16.000000
[14050]	16.000000
[14210]	16.000000
[14627]	16.000000
[14681]	16.000000
[14718]	16.000000
[10408]	17.000000
[10431]	17.000000
[10575]	17.000000
[10711]	17.000000
[11146]	17.000000
[11641]	17.000000
[11726]	17.000000
[11953]	17.000000
[11977]	17.000000
[12073]	17.000000
[12195]	17.000000
[12441]	17.000000
[12878]	17.000000
[13264]	17.000000
[14081]	17.000000
[14828]	17.000000
[10155]	18.000000
[10329]	18.000000
[10621]	18.000000
[11122]	18.000000
[11844]	18.000000
[11898]	18.000000
[12544]	18.000000
[12651]	18.000000
[13256]	18.000000
[13367]	18.000000
[13398]	18.000000
[14066]	18.000000
[10781]	19.000000
[11150]	19.000000
[11624]	19.000000
[12094]	19.000000
[12143]	19.000000
[12769]	19.000000
[13476]	19.000000
[14677]	19.000000
[14712]	19.000000
[15624]	19.000000
[15741]	19.000000
[16078]	19.000000
[12184]	20.000000
[12277]	20.000000
[12982]	20.000000
[13667]	20.000000
[14108]	20.000000
[14286]	20.000000
[14955]	20.000000
[15070]	20.000000
[15084]	20.000000
[16477]	20.000000
[10434]	21.000000
[10581]	21.000000
[10754]	21.000000
[10990]	21.000000
[11049]	21.000000
[11336]	21.000000
[12003]	21.000000
[12010]	21.000000
[12523]	21.000000
[12990]	21.000000
[13514]	21.000000
[14309]	21.000000
[16321]	21.000000
[10245]	22.000000
[10732]	22.000000
[11550]	22.000000
[11868]	22.000000
[14783]	22.000000
[10666]	23.000000
[13156]	23.000000
[10170]	24.000000
[10292]	24.000000
[10980]	24.000000
[11027]	24.000000
[11067]	24.000000
[11111]	24.000000
[11123]	24.000000
[12448]	24.000000
[14709]	24.000000
[10372]	25.000000
[10411]	25.000000
[10920]	25.000000
[13180]	25.000000
[14711]	25.000000
[14814]	25.000000
[11109]	26.000000
[11503]	26.000000
[11760]	26.000000
[14689]	26.000000
[16042]	26.000000
[16149]	26.000000
[13029]	27.000000
[13744]	27.000000
[13898]	27.000000
[14153]	27.000000
[14275]	27.000000
[16232]	27.000000
[10304]	28.000000
[11638]	28.000000
[12884]	28.000000
[10208]	29.000000
[11140]	29.000000
[11555]	29.000000
[11603]	29.000000
[11823]	29.000000
[12807]	29.000000
[12917]	29.000000
[14574]	29.000000
[12758]	30.000000
[13970]	30.000000
[14838]	30.000000
[12016]	31.000000
[12217]	31.000000
[10620]	32.000000
[14293]	33.000000
[10135]	34.000000
[11721]	34.000000
[11775]	34.000000
[14986]	34.000000
[14082]	35.000000
[15024]	35.000000
[15356]	35.000000
[10194]	36.000000
[10279]	36.000000
[10559]	36.000000
[10785]	36.000000
[12972]	36.000000
[14512]	36.000000
[15249]	36.000000
[11764]	37.000000
[10849]	38.000000
[11481]	38.000000
[13605]	38.000000
[13830]	38.000000
[15478]	38.000000
[11637]	39.000000
[11874]	39.000000
[12323]	39.000000
[12954]	40.000000
[13461]	40.000000
[14193]	40.000000
[14696]	40.000000
[12206]	41.000000
[13873]	41.000000
[10874]	42.000000
[14832]	42.000000
[14312]	43.000000
[13577]	44.000000
[10747]	45.000000
[14262]	45.000000
[16257]	45.000000
[10158]	46.000000
[10185]	46.000000
[13158]	46.000000
[13230]	46.000000
[15618]	46.000000
[15919]	46.000000
[11003]	49.000000
[10540]	50.000000
[10868]	50.000000
[13252]	50.000000
[14321]	51.000000
[16091]	51.000000
[12391]	52.000000
[15412]	52.000000
[16217]	53.000000
[11032]	54.000000
[16229]	57.000000
[10713]	58.000000
[12945]	58.000000
[13061]	58.000000
[14685]	58.000000
[13485]	59.000000
[12896]	61.000000
[13296]	61.000000
[11267]	63.000000
[11995]	64.000000
[11884]	65.000000
[12278]	65.000000
[12992]	67.000000
[10551]	68.000000
[11563]	68.000000
[11996]	68.000000
[14576]	68.000000
[15096]	68.000000
[11423]	71.000000
[14570]	73.000000
[11973]	74.000000
[11986]	74.000000
[14112]	74.000000
[10257]	75.000000
[15370]	76.000000
[15376]	78.000000
[14524]	79.000000
[10466]	81.000000
[10599]	81.000000
[12173]	81.000000
[13851]	86.000000
[13931]	86.000000
[14908]	86.000000
[13871]	88.000000
[10140]	90.000000
[14307]	90.000000
[10994]	94.000000
[12451]	94.000000
[10792]	95.000000
[14893]	95.000000
[11540]	99.000000
[14635]	100.000000
[13891]	101.000000
[14843]	103.000000
[14761]	107.000000
[10590]	110.000000
[10529]	111.000000
[11630]	112.000000
[16271]	112.000000
[14679]	113.000000
[13198]	114.000000
[14027]	114.000000
[14831]	114.000000
[10800]	117.000000
[12191]	118.000000
[11066]	120.000000
[11259]	120.000000
[11193]	122.000000
[13342]	122.000000
[11042]	123.000000
[12953]	123.000000
[13796]	123.000000
[14683]	127.000000
[15016]	129.000000
[14057]	130.000000
[15167]	133.000000
[15304]	133.000000
[13495]	135.000000
[14122]	135.000000
[14869]	136.000000
[10423]	137.000000
[12197]	137.000000
[14492]	137.000000
[14730]	141.000000
[11278]	142.000000
[13232]	144.000000
[10693]	145.000000
[10821]	149.000000
[12339]	153.000000
[14107]	165.000000
[14747]	168.000000
[14771]	173.000000
[14100]	176.000000
[13204]	177.000000
[10721]	180.000000
[13244]	181.000000
[11433]	182.000000
[10299]	188.000000
[11057]	191.000000
[11697]	191.000000
[13487]	191.000000
[12889]	198.000000
[12264]	203.000000
[11292]	212.000000
[12266]	229.000000
[11618]	237.000000
[12478]	240.000000
[11298]	255.000000
[12892]	271.000000
[13303]	271.000000
[13930]	271.000000
[10397]	277.000000
