[10033]	0.000000
[10122]	0.000000
[10209]	0.000000
[10298]	0.000000
[10347]	0.000000
[10435]	0.000000
[10480]	0.000000
[10562]	0.000000
[10585]	0.000000
[10617]	0.000000
[10817]	0.000000
[10838]	0.000000
[10923]	0.000000
[10971]	0.000000
[11002]	0.000000
[11050]	0.000000
[11058]	0.000000
[11086]	0.000000
[11099]	0.000000
[11194]	0.000000
[11198]	0.000000
[11282]	0.000000
[11344]	0.000000
[11351]	0.000000
[11375]	0.000000
[11410]	0.000000
[11415]	0.000000
[11417]	0.000000
[11430]	0.000000
[11459]	0.000000
[11487]	0.000000
[11522]	0.000000
[11538]	0.000000
[11548]	0.000000
[11715]	0.000000
[11720]	0.000000
[11871]	0.000000
[11938]	0.000000
[12018]	0.000000
[12054]	0.000000
[12067]	0.000000
[12132]	0.000000
[12134]	0.000000
[12149]	0.000000
[12228]	0.000000
[12263]	0.000000
[12324]	0.000000
[12390]	0.000000
[12436]	0.000000
[12598]	0.000000
[12625]	0.000000
[12685]	0.000000
[12739]	0.000000
[12832]	0.000000
[12938]	0.000000
[12956]	0.000000
[12957]	0.000000
[13246]	0.000000
[13251]	0.000000
[13255]	0.000000
[13297]	0.000000
[13307]	0.000000
[13359]	0.000000
[13463]	0.000000
[13464]	0.000000
[13540]	0.000000
[13614]	0.000000
[13629]	0.000000
[13682]	0.000000
[13700]	0.000000
[13792]	0.000000
[13827]	0.000000
[13856]	0.000000
[13890]	0.000000
[13947]	0.000000
[13998]	0.000000
[14115]	0.000000
[14236]	0.000000
[14380]	0.000000
[14408]	0.000000
[14431]	0.000000
[14435]	0.000000
[14467]	0.000000
[14533]	0.000000
[14618]	0.000000
[14646]	0.000000
[14656]	0.000000
[14750]	0.000000
[14853]	0.000000
[14886]	0.000000
[14927]	0.000000
[14965]	0.000000
[14993]	0.000000
[15045]	0.000000
[15057]	0.000000
[15063]	0.000000
[15129]	0.000000
[15154]	0.000000
[15163]	0.000000
[15171]	0.000000
[15221]	0.000000
[15232]	0.000000
[15256]	0.000000
[15344]	0.000000
[15458]	0.000000
[15505]	0.000000
[15508]	0.000000
[15525]	0.000000
[15530]	0.000000
[15601]	0.000000
[15649]	0.000000
[15774]	0.000000
[15842]	0.000000
[15856]	0.000000
[15885]	0.000000
[15937]	0.000000
[15973]	0.000000
[16058]	0.000000
[16175]	0.000000
[16250]	0.000000
[16286]	0.000000
[16310]	0.000000
[16668]	0.000000
[11456]	0.500000
[10427]	0.707107
[10778]	0.707107
[10857]	0.707107
[10016]	1.000000
[10042]	1.000000
[10258]	1.000000
[10374]	1.000000
[10556]	1.000000
[10938]	1.000000
[11031]	1.000000
[11230]	1.000000
[11714]	1.000000
[11728]	1.000000
[11756]	1.000000
[11842]	1.000000
[11914]	1.000000
[11966]	1.000000
[12136]	1.000000
[13145]	1.000000
[13491]	1.000000
[13574]	1.000000
[13655]	1.000000
[13693]	1.000000
[13714]	1.000000
[13771]	1.000000
[13812]	1.000000
[14332]	1.000000
[14631]	1.000000
[14713]	1.000000
[14889]	1.000000
[14938]	1.000000
[16172]	1.000000
[16364]	1.000000
[16442]	1.000000
[16454]	1.000000
[16754]	1.000000
[16764]	1.000000
[13809]	1.069045
[15054]	1.264911
[12155]	1.414214
[13113]	1.566699
[13546]	1.632993
[10535]	2.000000
[13424]	2.000000
[13505]	2.000000
[15606]	2.000000
[16634]	2.000000
[10182]	2.828427
[10591]	2.828427
[10746]	2.828427
[10889]	2.828427
[11655]	2.828427
[11773]	2.828427
[12029]	2.828427
[12222]	2.828427
[12252]	2.828427
[12785]	2.828427
[12987]	2.828427
[13046]	2.828427
[13828]	2.828427
[13968]	2.828427
[14167]	2.828427
[14695]	2.828427
[14744]	2.828427
[14749]	2.828427
[14941]	2.828427
[15106]	2.828427
[16096]	2.828427
[16526]	2.828427
[16761]	2.828427
[16525]	3.000000
[10630]	4.000000
[16166]	4.618802
[10460]	5.196152
[10863]	5.196152
[11675]	5.196152
[13143]	5.196152
[14091]	5.196152
[15498]	5.196152
[15825]	5.196152
[15879]	5.196152
[16599]	5.196152
[16763]	5.196152
[11790]	5.590170
[11496]	5.656854
[11643]	5.656854
[12587]	5.656854
[12705]	5.656854
[14691]	5.656854
[11418]	6.572671
[15447]	7.348469
[11627]	7.905694
[13125]	7.905694
[10171]	8.000000
[10205]	8.000000
[10224]	8.000000
[10310]	8.000000
[10623]	8.000000
[10697]	8.000000
[10750]	8.000000
[11531]	8.000000
[11559]	8.000000
[11947]	8.000000
[12782]	8.000000
[12863]	8.000000
[13047]	8.000000
[13051]	8.000000
[13757]	8.000000
[13888]	8.000000
[14201]	8.000000
[14754]	8.000000
[14904]	8.000000
[15250]	8.000000
[15440]	8.000000
[15934]	8.000000
[16251]	8.000000
[16762]	8.000000
[10504]	10.392305
[10730]	10.392305
[11165]	10.392305
[11961]	10.392305
[14871]	10.392305
[11392]	10.692676
[13599]	10.692676
[15446]	10.692676
[16428]	10.692676
[10569]	11.180340
[11036]	11.180340
[11299]	11.180340
[11367]	11.180340
[12509]	11.180340
[12846]	11.180340
[13016]	11.180340
[13055]	11.180340
[13322]	11.180340
[14453]	11.180340
[14686]	11.180340
[15235]	11.180340
[15383]	11.180340
[10198]	13.063946
[11564]	13.063946
[12287]	13.063946
[11215]	13.095801
[11732]	13.095801
[12773]	13.095801
[13501]	13.500000
[14721]	13.500000
[10511]	14.696938
[11394]	14.696938
[11434]	14.696938
[12854]	14.696938
[12869]	14.696938
[16425]	14.696938
[16426]	14.696938
[14672]	15.811388
[11545]	16.000000
[11656]	16.000000
[13854]	16.000000
[13865]	16.000000
[15448]	16.000000
[16128]	17.461068
[10325]	18.257418
[15088]	18.520259
[15220]	18.520259
[11098]	19.091883
[14046]	19.091883
[14751]	19.091883
[16542]	19.091883
[13295]	20.234046
[12388]	22.360680
[10181]	22.627417
[13536]	22.627417
[15548]	22.627417
[16519]	22.627417
[16760]	22.627417
[16083]	24.000000
[11015]	25.797287
[13472]	25.797287
[13731]	25.797287
[14987]	25.797287
[15385]	25.797287
[14577]	25.980762
[12857]	27.000000
[15091]	27.000000
[16588]	27.000000
[16758]	27.000000
[12127]	29.393877
[14182]	30.243455
[14250]	30.243455
[15043]	30.243455
[12314]	31.622777
[12595]	31.622777
[16345]	31.622777
[10678]	33.143627
[14101]	33.143627
[10815]	33.810749
[10005]	36.482873
[15793]	36.482873
[16253]	36.950419
[11592]	37.040518
[11041]	39.001830
[10278]	41.079192
[12633]	41.079192
[13672]	41.409540
[11945]	41.569219
[11135]	44.090815
[11924]	44.090815
[13984]	44.090815
[11431]	45.254834
[14477]	45.254834
[11241]	46.872167
[13564]	46.872167
[14493]	46.872167
[15020]	47.815620
[10519]	49.387359
[14320]	49.387359
[13507]	49.563091
[13381]	51.639776
[13987]	52.255784
[10945]	52.383203
[11295]	52.383203
[12211]	52.383203
[14898]	52.581369
[15853]	54.000000
[14792]	55.152063
[11628]	57.230526
[14736]	57.275649
[15504]	58.094750
[14229]	58.561933
[15260]	58.787754
[15030]	62.500000
[15278]	64.000000
[12141]	72.965745
[14197]	77.996795
[16540]	77.996795
[12720]	78.084890
[14268]	78.084890
[10327]	79.155199
[11512]	83.138439
[11245]	89.442719
[14270]	89.442719
[15754]	89.442719
[12638]	92.601296
[11619]	93.744333
[16443]	96.598133
[11493]	99.204335
[11827]	99.430881
[11646]	99.651053
[14630]	110.304125
[14553]	114.095819
[15604]	115.113708
[10419]	116.189500
[14863]	117.575508
[10300]	122.047122
[11376]	124.228620
[10400]	125.000000
[13936]	126.100762
[12294]	135.764502
[16254]	140.296115
[11484]	146.059343
[11582]	152.735065
[12900]	154.469188
[12320]	155.993590
[10056]	157.744106
[12635]	162.000000
[11789]	171.082817
[13111]	172.600695
[12574]	178.885438
[16267]	178.885438
[10478]	181.019336
[11511]	185.635395
[15160]	186.031365
[16016]	187.488666
[13292]	198.252364
[14397]	221.359436
[13785]	223.627826
[14119]	226.593800
[13715]	228.922102
[16456]	234.247732
[12315]	243.554922
[14530]	254.736457
[15246]	256.613125
[10996]	267.548495
[15481]	301.869177
[12641]	319.928388
[13676]	337.014353
[16179]	343.000000
[14273]	355.514924
[10819]	356.666815
[14282]	357.770876
[14712]	371.913399
[16719]	378.082994
[13094]	379.141135
[16178]	379.141135
[14880]	383.648101
[12784]	400.867614
[13415]	423.031323
[15052]	488.188488
[13704]	524.046754
[13525]	536.186535
[15236]	537.195881
[12653]	551.565316
[14897]	573.157047
[11317]	583.725963
[12621]	583.725963
[10216]	630.835161
[12947]	636.572070
[15325]	640.904049
[12866]	665.107510
[15618]	687.111789
[14816]	693.681539
[11053]	715.541753
[11028]	736.440902
[10237]	742.541581
[15012]	749.479633
[13667]	754.672942
[14062]	760.797279
[12663]	769.872717
[11453]	805.207070
[10172]	837.141117
[11834]	838.070148
[13618]	846.062645
[10313]	873.145242
[15231]	894.877925
[13689]	925.806534
[13898]	930.823086
[12370]	955.339207
[14475]	985.037563
[16156]	1000.000000
[10900]	1015.037438
[15061]	1050.071308
[14004]	1060.759869
[15293]	1060.759869
[12494]	1081.943970
[12737]	1146.634537
[12815]	1146.634537
[10329]	1170.046725
[12253]	1171.324037
[13072]	1196.513268
[12347]	1217.186921
[14559]	1223.672750
[15532]	1298.136742
[13535]	1313.737333
[12671]	1359.562797
[14239]	1448.154688
[12125]	1469.276118
[12055]	1478.328110
[12868]	1479.259891
[11495]	1500.140993
[10194]	1649.681587
[13461]	1715.000000
[12348]	1746.290485
[12676]	1755.070191
[10243]	1779.273026
[12748]	1828.100378
[14706]	1866.530337
[12882]	1896.827165
[12087]	1904.328910
[14218]	1925.470722
[12190]	1948.439376
[11421]	2048.000000
[12755]	2052.384802
[16390]	2120.420241
[11007]	2173.513796
[14130]	2276.108474
[15798]	2305.099401
[10933]	2323.129463
[13418]	2429.140914
[10961]	2435.105953
[15085]	2490.313147
[11859]	2563.616196
[11463]	2744.000000
[15709]	2744.000000
[13826]	2807.240460
[11764]	2844.712137
[11716]	2849.666823
[11952]	3016.597286
[13806]	3169.965780
[15153]	3273.711579
[12721]	3398.331628
[16091]	3445.644586
[15725]	3564.560562
[14050]	3573.657694
[12652]	3579.511699
[12235]	3699.133322
[10683]	3782.269963
[13087]	4060.149751
[10982]	4085.424271
[15167]	4134.879304
[11684]	4142.416686
[14561]	4175.868006
[11399]	4243.039477
[11391]	4276.758769
[13710]	4287.827072
[11411]	4383.421203
[11479]	4570.663136
[12615]	4685.296149
[10204]	4703.405447
[11941]	4745.075327
[13592]	5041.049891
[13196]	5096.018668
[10349]	5110.946855
[15245]	5144.018373
[14627]	5227.603891
[10405]	5283.513430
[10654]	5294.598002
[14535]	5379.074549
[13767]	5458.113227
[14474]	5549.452311
[14804]	5560.487342
[15282]	5617.338872
[10139]	5620.004400
[14125]	5805.020844
[12772]	5901.613085
[12902]	5999.637322
[12704]	6000.563973
[10783]	6033.665043
[14895]	6044.887561
[15406]	6173.533186
[15794]	6185.928806
[12719]	6193.527993
[10184]	6214.507935
[14488]	6547.900427
[10241]	6778.180989
[12878]	6790.033604
[11283]	6930.797645
[10615]	7021.280396
[15721]	7040.498241
[10396]	7255.127394
[13341]	7353.559983
[10775]	7588.520141
[12886]	7646.246432
[13934]	7753.754153
[12709]	7835.568494
[14856]	7909.125078
[13768]	8217.830137
[13203]	8301.867260
[13619]	8353.606247
[12822]	8436.059803
[13369]	8451.542934
[11535]	8480.138190
[15018]	8484.768471
[13579]	8530.286513
[12321]	8688.892424
[12649]	8783.992283
[15872]	8916.669782
[12855]	9010.146336
[15581]	9180.870547
[13770]	9275.222773
[15257]	9289.613985
[16567]	9369.716108
[11517]	9370.592297
[12214]	9737.495366
[11719]	9833.746946
[10416]	9963.967056
[13863]	10102.508678
[15887]	10148.122105
[14088]	10215.132858
[11216]	10221.893709
[14919]	10224.334396
[11492]	10257.605613
[12841]	10450.614910
[15570]	10478.381642
[10221]	10522.478914
[11879]	10889.826881
[12831]	11037.148800
[15124]	11041.080679
[12559]	11234.677743
[12610]	11447.928408
[11123]	11610.385507
[10247]	11743.125217
[12681]	11926.300684
[15741]	11953.208547
[10338]	12016.754574
[12844]	12080.851983
[12268]	12155.857347
[13434]	12242.252506
[10165]	12548.466042
[11910]	12593.938383
[14805]	12611.956549
[14234]	12679.366295
[12769]	12745.745472
[10884]	12863.481216
[13467]	13156.924110
[13504]	13181.089181
[15569]	13186.611699
[14718]	13292.728144
[11214]	14043.584158
[11726]	14443.760616
[11997]	14552.744604
[11615]	14581.821011
[11233]	14594.274494
[14275]	14733.696388
[10225]	14839.387490
[11227]	14844.377404
[12851]	14925.015673
[11441]	15123.149672
[12207]	15344.558514
[10540]	15436.866614
[12708]	15642.074329
[11845]	16045.791444
[15861]	16338.686750
[13658]	16342.887872
[12195]	16551.990265
[11711]	16814.117812
[15049]	16993.376508
[13894]	17085.563757
[15862]	17106.818828
[15177]	17204.441271
[12174]	17307.182136
[10557]	17523.007768
[13942]	17629.712987
[14942]	17672.319691
[10640]	17709.256741
[14102]	17929.022164
[13032]	18172.254821
[13200]	18322.182594
[12684]	18401.328023
[13121]	18560.690946
[13398]	20624.987018
[15554]	20678.686335
[14131]	20865.198986
[12245]	20910.415563
[12798]	21263.008524
[12779]	21496.575309
[15785]	21808.621532
[10322]	22865.677062
[13862]	23402.507896
[11550]	23609.001891
[11085]	23681.451803
[14288]	23760.401358
[12899]	23955.295678
[16647]	23998.549289
[14875]	24030.007165
[10568]	24966.370909
[12853]	26749.924566
[15497]	27014.647156
[11588]	27578.623284
[14797]	27612.007814
[14738]	27972.214124
[12171]	28036.511115
[14306]	28956.612194
[11908]	29698.048404
[12066]	30131.777246
[11762]	30246.639483
[14081]	30316.952852
[11833]	32022.066300
[13182]	32098.302136
[10245]	32182.385546
[10414]	32192.171991
[10558]	32263.602130
[13348]	32912.105417
[10917]	32936.143473
[13520]	33450.038206
[13282]	33473.961012
[10559]	33905.847933
[14054]	33969.672596
[13109]	34523.253317
[14030]	35000.614280
[15991]	35585.460514
[10589]	35641.907799
[13490]	36683.916578
[13628]	37985.484070
[15381]	38142.475454
[14539]	38921.341337
[11844]	39702.101923
[12175]	40952.699716
[10925]	41120.277850
[14648]	41779.513000
[14237]	42085.504957
[11030]	42612.768040
[16078]	42741.436096
[12807]	44360.057243
[10444]	44943.395954
[13654]	45259.065390
[10304]	45603.339526
[11288]	45856.281925
[11063]	46170.844729
[12412]	46234.139805
[10930]	46683.512856
[11931]	47263.447943
[16322]	47903.494225
[11092]	48387.024175
[16233]	49181.003005
[12363]	50193.864167
[16097]	50484.296375
[12920]	51822.958233
[14943]	52158.864405
[13211]	52511.901451
[13964]	52596.040327
[13625]	52832.843119
[11725]	52884.074515
[14065]	53227.327333
[13484]	53235.809246
[12455]	53622.788514
[14802]	54525.968052
[14485]	56509.386935
[12375]	56533.271770
[12728]	57214.885543
[15051]	57226.302130
[15115]	57514.772016
[10744]	59576.279155
[10272]	60047.604315
[15210]	60145.868088
[11468]	60186.619434
[15582]	62204.876626
[11197]	62386.853719
[10674]	62863.391103
[12845]	63055.911444
[14845]	65264.125375
[15579]	65354.735028
[15478]	65718.008500
[15841]	66847.391245
[14534]	67939.345191
[15598]	69105.582293
[12932]	69588.523324
[13541]	71130.472992
[15374]	71935.111489
[16261]	72143.605656
[13002]	73987.936755
[16268]	74650.968951
[14877]	75880.504410
[13024]	76198.885807
[10967]	77388.025534
[15628]	77900.105748
[10926]	78415.282202
[10647]	79177.343901
[10503]	80217.554189
[16252]	80806.505096
[15483]	82153.126359
[14109]	84470.441051
[14745]	90357.811375
[15147]	91989.607385
[13194]	96734.588889
[10333]	98640.197200
[10950]	99094.127959
[11336]	101697.540811
[12876]	101925.328393
[15454]	104034.571792
[14692]	104469.433796
[15994]	104882.293186
[15174]	105890.906125
[10409]	106575.864433
[15277]	108662.783208
[12250]	109550.066979
[11447]	113700.399060
[13543]	113931.184671
[13176]	118974.476502
[11027]	122686.657086
[14256]	124086.493474
[12343]	125644.133743
[14231]	127890.706842
[10621]	131847.664992
[12519]	132951.385416
[15855]	139906.584459
[15138]	144683.437946
[10613]	145787.286826
[12255]	153351.115500
[11730]	153672.381738
[14150]	154317.977131
[12335]	158019.018377
[13162]	162769.630484
[10910]	168983.880964
[10918]	173761.659341
[14733]	178479.727140
[11587]	181831.928063
[12129]	184134.702172
[14186]	196053.629153
[11180]	196069.781902
[13068]	202337.125320
[15632]	202905.989751
[11372]	203876.338362
[15237]	213026.976911
[14520]	214322.514959
[15317]	215734.624908
[14451]	216810.506039
[13983]	228613.087648
[11315]	232739.610576
[11076]	234531.137141
[14543]	235303.286235
[10482]	237432.714880
[13105]	238317.923274
[14722]	243057.535003
[14458]	247217.363911
[11563]	255482.090029
[15130]	256405.145533
[13344]	257385.898207
[10154]	259778.460610
[15125]	265221.992210
[10739]	265315.132672
[10448]	275112.644202
[11905]	277367.145570
[12888]	278926.149920
[14022]	279720.040960
[11013]	281856.809490
[11160]	282363.394341
[12177]	283742.216514
[14709]	284143.216815
[12365]	299743.709448
[14582]	301093.491009
[13784]	301869.176962
[14905]	307660.684527
[12184]	308458.742407
[11471]	309616.960491
[11332]	317109.649095
[10011]	325604.266978
[15566]	325615.265055
[12244]	330315.579602
[10954]	335972.679670
[15074]	336727.168622
[16476]	337763.415722
[10754]	341717.173419
[13799]	349107.986033
[13900]	350157.669022
[12239]	350587.703789
[11525]	351116.679799
[16171]	355889.407890
[11301]	364587.237160
[10268]	365976.029218
[10970]	370014.883913
[15584]	370766.757249
[12119]	383219.171746
[12164]	384180.480982
[10141]	394807.699712
[10148]	397478.884239
[14120]	399213.162748
[13873]	403440.753344
[15113]	409608.037244
[16133]	410507.917223
[10779]	415010.031917
[12007]	416177.463762
[10545]	423676.279394
[13829]	424577.877955
[11445]	427991.964635
[10728]	428628.162319
[10361]	429887.652226
[10146]	430906.924550
[11187]	444986.513618
[10631]	451253.483427
[11150]	461825.900928
[11097]	467755.929245
[10542]	469802.352078
[14006]	470696.240320
[12492]	483647.141902
[12969]	496241.957952
[14819]	498875.421981
[15127]	503145.718432
[14470]	509482.068319
[11865]	513215.498508
[10394]	521230.052449
[14583]	535455.537448
[13241]	537978.904653
[14828]	541053.619618
[13692]	542658.094086
[11724]	551737.041155
[13970]	555806.242708
[13832]	574408.287050
[11867]	574794.011364
[14487]	577969.085726
[10717]	579127.528570
[10155]	591793.140923
[12511]	621898.463681
[10170]	622608.755453
[10929]	623712.273408
[16173]	637020.064544
[13388]	647432.751720
[12115]	647640.055304
[15008]	650714.622235
[14496]	661888.497788
[13061]	664456.782237
[11274]	675532.570218
[11534]	677133.881657
[13166]	682328.283206
[13034]	686325.998612
[15215]	691676.502420
[10731]	698863.194698
[12124]	717633.262990
[13043]	729166.501674
[15389]	731575.553944
[16306]	732323.640591
[11049]	739974.207013
[11111]	747449.362251
[13459]	749924.964630
[14113]	759990.452351
[11170]	765013.326837
[14092]	767529.472957
[15401]	786370.818032
[14960]	796533.502634
[14945]	814141.731493
[10577]	824172.429572
[11126]	826847.597608
[15643]	827765.596347
[14992]	840615.083521
[13290]	840776.057362
[11555]	845452.086577
[10608]	847582.219179
[13048]	848271.187582
[10280]	850686.227320
[11980]	858112.149048
[12012]	869587.560849
[10590]	916609.272659
[11519]	919559.907021
[15022]	922749.052817
[14588]	924170.101249
[11654]	946647.572558
[11067]	960432.520771
[14842]	975844.084901
[11907]	979268.241172
[11308]	1015484.759677
[14704]	1032298.407480
[15048]	1064097.231452
[13127]	1070400.825683
[11172]	1094259.895760
[13933]	1095245.667655
[14259]	1099512.964322
[14051]	1106196.019490
[15607]	1109877.686553
[12915]	1112731.392811
[13306]	1120061.807266
[10210]	1122641.393383
[14879]	1140491.050128
[15868]	1143322.115812
[13169]	1162510.930536
[11122]	1164863.852032
[10747]	1212076.146481
[10551]	1219429.427129
[10661]	1220502.555298
[10878]	1223919.671746
[16293]	1227353.589168
[12223]	1232786.029631
[13289]	1235030.040120
[14716]	1262879.272173
[13095]	1272856.754951
[16101]	1284551.606571
[11470]	1295553.102407
[16477]	1323624.143887
[12553]	1323773.917640
[10157]	1332186.217973
[10150]	1337912.730975
[14222]	1346787.327069
[12917]	1349677.367954
[15627]	1472486.022276
[11928]	1496927.553871
[14637]	1514643.999910
[10185]	1520835.978252
[12389]	1559025.436018
[10676]	1563497.949146
[14849]	1568736.149064
[16115]	1576986.787440
[11671]	1581647.711842
[14278]	1599144.648036
[10758]	1608286.626066
[15295]	1637686.997781
[14645]	1644151.008228
[12819]	1664406.578520
[12156]	1672172.049304
[10658]	1672319.439544
[14711]	1687600.514941
[11699]	1688551.637351
[11082]	1696774.803908
[12397]	1710659.133366
[14512]	1711956.988326
[11778]	1712023.168111
[14918]	1722834.258797
[11617]	1741508.450214
[15626]	1751463.168593
[14633]	1760987.934944
[11869]	1763330.846695
[11488]	1788723.397110
[10136]	1832386.938804
[12891]	1838403.439222
[15041]	1856264.736055
[11577]	1863014.668862
[13029]	1898631.526323
[14314]	1900479.134679
[10561]	1911275.889609
[13076]	1913789.029627
[12026]	1919422.361120
[12544]	1937542.926367
[12627]	1942528.820040
[13139]	1948699.672105
[15411]	1961944.123681
[11695]	2004651.801410
[11898]	2033286.799544
[14952]	2039626.251005
[10275]	2042290.024623
[15070]	2093402.957961
[13347]	2157698.108390
[11950]	2160607.500045
[11203]	2238579.836101
[16242]	2257028.501555
[14794]	2290439.379533
[14674]	2312528.797969
[15192]	2395098.084128
[13377]	2401214.465023
[11537]	2470365.303569
[11731]	2479676.845066
[12003]	2502670.468841
[16163]	2604044.632895
[10872]	2702943.072146
[11075]	2745758.201538
[10287]	2759435.322527
[11793]	2764250.708308
[10486]	2778090.199891
[12884]	2784476.472819
[11337]	2808531.227602
[12472]	2840350.565615
[13433]	2881472.257833
[13184]	2892240.449386
[16218]	2921291.880977
[13532]	2955149.313970
[16304]	2965589.917341
[13795]	2979137.988295
[13277]	2989266.207339
[14303]	3011941.463909
[12280]	3069092.834725
[14299]	3071987.377141
[11982]	3183029.969521
[10312]	3251373.797620
[12180]	3277563.170287
[13602]	3284517.690587
[10685]	3447945.784238
[12101]	3518172.107185
[10581]	3519067.880696
[13476]	3618484.184831
[11888]	3672830.314889
[16263]	3688958.300634
[12849]	3710630.363595
[11146]	3774077.342290
[13502]	3781174.945495
[14228]	3807478.351869
[13594]	3853537.292649
[10469]	3872374.883227
[11185]	3887212.534098
[11973]	3888598.610561
[12094]	4114624.446997
[11052]	4150986.904586
[14098]	4190758.823634
[14254]	4229874.087203
[15023]	4299366.768982
[15323]	4325280.668371
[13370]	4406699.163662
[11648]	4425965.667473
[11953]	4521019.124230
[11921]	4523621.584572
[12206]	4630947.991418
[11070]	4642770.204422
[16232]	4669408.376159
[11641]	4705234.800118
[14025]	4706621.809688
[14698]	4758560.758957
[12898]	4762377.850909
[14814]	4859541.622060
[10434]	4961798.114029
[14457]	4980982.738144
[11612]	5006855.259417
[15513]	5058521.180565
[14696]	5070740.473871
[14574]	5093536.055796
[16085]	5130901.352877
[12523]	5196460.574832
[10279]	5218923.029521
[11413]	5238155.907950
[10208]	5304130.379184
[10135]	5312922.896044
[12951]	5346436.385568
[10732]	5445655.694300
[15380]	5457610.758483
[15718]	5465196.864958
[10162]	5539115.471067
[11630]	5638372.774892
[14924]	5737655.569656
[14207]	5797105.128091
[11244]	5806873.344359
[13360]	5819574.608139
[15356]	5861529.389113
[15595]	5967791.578859
[15249]	6054047.561785
[11140]	6153000.169845
[11977]	6204799.159704
[11164]	6335680.943320
[15567]	6341561.301883
[15027]	6449476.759030
[10627]	6556388.463579
[12896]	6661545.305141
[14689]	6678735.217297
[10408]	6684042.493108
[10990]	6889376.248131
[12265]	6911239.087809
[11503]	6913125.872273
[13952]	6921790.356795
[12323]	7047029.882346
[10521]	7225686.260960
[14108]	7247437.895586
[14681]	7291018.667557
[13943]	7306607.098617
[10620]	7366020.678018
[10575]	7376119.531263
[11481]	7382089.388963
[11823]	7439084.467141
[11721]	7722570.221471
[13422]	7776681.900432
[12441]	7846919.361802
[13256]	7973267.554403
[10372]	8145025.348044
[11637]	8349859.313025
[10638]	8362626.587857
[13367]	8481868.392490
[10517]	8560216.063125
[12520]	8651272.020869
[16149]	8676657.063672
[13158]	8907637.716242
[10868]	8961763.708887
[13694]	9010322.523657
[13486]	9076861.782669
[10781]	9172780.544494
[15402]	9643718.446326
[13264]	9709674.452017
[11252]	9864147.140395
[10431]	9869911.029252
[12197]	9913849.451224
[10911]	10071405.713065
[13218]	10145784.336116
[14252]	10177258.375197
[10666]	10453631.014090
[11603]	10506197.122768
[14489]	10528436.541392
[14783]	10578742.293866
[10696]	10645968.867983
[12391]	10834245.320348
[14153]	11033084.066669
[12448]	11158142.259348
[11003]	11171057.794941
[10980]	11281661.099125
[10716]	11292322.426660
[10158]	11560328.692037
[12945]	11562633.081290
[10849]	11678630.682793
[11775]	11714433.494940
[10785]	11737323.113199
[12217]	11859698.078848
[13230]	11868185.324689
[14824]	11880578.191531
[15624]	12011350.636266
[13269]	12121575.221890
[10846]	12204878.649065
[10357]	12235025.857048
[10752]	12257261.147971
[12991]	12336550.859263
[15455]	12604230.014982
[11868]	13318556.568782
[16215]	13319964.168760
[14210]	13468249.028904
[12278]	13579949.832391
[15058]	13646541.853049
[16042]	13976081.956229
[15919]	13996914.325885
[12051]	14457249.820018
[10466]	14759150.086548
[14955]	15316414.001033
[13560]	15451488.227669
[11118]	15463018.769054
[11624]	15693474.045913
[13514]	15696037.106315
[12699]	15751333.906092
[14321]	15882461.018785
[13243]	16077861.988022
[15084]	16163366.526669
[11995]	16551740.084476
[10874]	16927250.695435
[13577]	17917727.935784
[11915]	18493501.797868
[14193]	18654726.631387
[11444]	19017698.170141
[12992]	19198806.408210
[12010]	19236016.251733
[15412]	19346936.379983
[11290]	19651745.000551
[11996]	19763260.878694
[13296]	19815390.282200
[14082]	19825838.495234
[12990]	19937269.898751
[11651]	20057461.475478
[11638]	20470887.751188
[13165]	20507804.547473
[13485]	20839712.293323
[15096]	21255223.184035
[14012]	21269483.722074
[11109]	21332754.509740
[11267]	21706408.497781
[14986]	21740428.474069
[14112]	23537049.784481
[10877]	23649468.734615
[12693]	24069631.833196
[15024]	26019115.211375
[14685]	27480385.735227
[14576]	27489323.868163
[11540]	28103197.444776
[10599]	28148990.618183
[10411]	28182304.142928
[14730]	28558460.136824
[15370]	28688321.633607
[14761]	29809036.854829
[11423]	29838109.310576
[16321]	30478986.112127
[13408]	31748549.195199
[14717]	31856717.145882
[12651]	33039639.579022
[10257]	33454833.321302
[15258]	33747073.284489
[13605]	34217450.467595
[13156]	34764034.108584
[13931]	35048474.360716
[15013]	35498459.739988
[14677]	35538545.189634
[11986]	36043302.471563
[10244]	36249785.144902
[13244]	36375995.714066
[10299]	36903127.689971
[10415]	37356604.016025
[13851]	41386697.706138
[14838]	41756337.597417
[14307]	42684061.961124
[12402]	43997381.596105
[11884]	44061453.492310
[10994]	44423975.320778
[14524]	44843885.989909
[12073]	45470710.853855
[12395]	46074695.339998
[12169]	46088633.545250
[11435]	48096479.883494
[12986]	48829244.686313
[13518]	49501995.994328
[10713]	50128857.307174
[10711]	50266601.258979
[15376]	51366236.039008
[14312]	52323025.449469
[12966]	53876062.556593
[14570]	53879189.698234
[16257]	54130687.662412
[10800]	55618554.939931
[14262]	56818310.611987
[12016]	57516666.052820
[13891]	57541329.078246
[10140]	57635193.490135
[11369]	58293270.987453
[13871]	58509797.054288
[10792]	60672263.382953
[13180]	62819095.995411
[14739]	63377134.170970
[14832]	64794392.726779
[14293]	67414792.758356
[11625]	67761186.888506
[16217]	71392465.467524
[15092]	71496125.204573
[12954]	71571467.156029
[11874]	71627732.872579
[12982]	74871234.291612
[14309]	76298952.139918
[15306]	81193047.485650
[11988]	82147467.855452
[12758]	82541435.875126
[12451]	83094632.291478
[14286]	84595231.405928
[14066]	86286250.740563
[10529]	91237970.055813
[12143]	92977746.382095
[11193]	99980533.122619
[13342]	107483796.197837
[11066]	108091145.349686
[16229]	113815481.465328
[14122]	118961879.951779
[11455]	119238495.471455
[12339]	122662004.367677
[10292]	132633175.363770
[11042]	134868878.696692
[14683]	135658720.625144
[14027]	140159820.586709
[11760]	170718488.455067
[10920]	172805666.773741
[14843]	179584431.966533
[14492]	185218387.000886
[12277]	190411529.956799
[13252]	193271680.783661
[14893]	198009765.676563
[13744]	202768212.503329
[13830]	202829139.143168
[13198]	206118473.087757
[14908]	212659916.667586
[14831]	215595722.586026
[13495]	223492234.862767
[13796]	230201526.824880
[10693]	239268758.998753
[10423]	240283608.275979
[12191]	271369894.292939
[16271]	274513715.767849
[15016]	280688753.454798
[14635]	299346485.456152
[11032]	310739382.360173
[11259]	336981439.830275
[12264]	386677953.737023
[14057]	393504056.492651
[13232]	473413332.225226
[12972]	518408673.649967
[15304]	536552679.886077
[14679]	552546877.384450
[11278]	573385281.317226
[14869]	605706022.062696
[10821]	608647079.075669
[12173]	615343304.759143
[14100]	674394328.473724
[12953]	818731022.602128
[11433]	888166983.980701
[10721]	961649592.780214
[11697]	965101908.733818
[13487]	990933970.211285
[12266]	1040599486.707776
[11618]	1089929934.278736
[13303]	1138103003.640508
[14747]	1306093610.481517
[11057]	1324699988.947037
[12889]	1421367095.445160
[13204]	1499200842.083619
[14107]	1518041972.014877
[14771]	1623875690.291081
[12478]	1684280727.317823
[11292]	1873565597.444253
[11298]	1922342156.263844
[13930]	2293078823.569252
[12892]	2679975006.616518
[10397]	3749219718.151865
