[10033]	0.000000
[10122]	0.000000
[10209]	0.000000
[10298]	0.000000
[10347]	0.000000
[10435]	0.000000
[10480]	0.000000
[10562]	0.000000
[10585]	0.000000
[10617]	0.000000
[10817]	0.000000
[10838]	0.000000
[10923]	0.000000
[10971]	0.000000
[11002]	0.000000
[11050]	0.000000
[11058]	0.000000
[11086]	0.000000
[11099]	0.000000
[11194]	0.000000
[11198]	0.000000
[11282]	0.000000
[11344]	0.000000
[11351]	0.000000
[11375]	0.000000
[11410]	0.000000
[11415]	0.000000
[11417]	0.000000
[11430]	0.000000
[11459]	0.000000
[11487]	0.000000
[11522]	0.000000
[11538]	0.000000
[11548]	0.000000
[11715]	0.000000
[11720]	0.000000
[11871]	0.000000
[11938]	0.000000
[12018]	0.000000
[12054]	0.000000
[12067]	0.000000
[12132]	0.000000
[12134]	0.000000
[12149]	0.000000
[12228]	0.000000
[12263]	0.000000
[12324]	0.000000
[12390]	0.000000
[12436]	0.000000
[12598]	0.000000
[12625]	0.000000
[12685]	0.000000
[12739]	0.000000
[12832]	0.000000
[12938]	0.000000
[12956]	0.000000
[12957]	0.000000
[13246]	0.000000
[13251]	0.000000
[13255]	0.000000
[13297]	0.000000
[13307]	0.000000
[13359]	0.000000
[13463]	0.000000
[13464]	0.000000
[13540]	0.000000
[13614]	0.000000
[13629]	0.000000
[13682]	0.000000
[13700]	0.000000
[13792]	0.000000
[13827]	0.000000
[13856]	0.000000
[13890]	0.000000
[13947]	0.000000
[13998]	0.000000
[14115]	0.000000
[14236]	0.000000
[14380]	0.000000
[14408]	0.000000
[14431]	0.000000
[14435]	0.000000
[14467]	0.000000
[14533]	0.000000
[14618]	0.000000
[14646]	0.000000
[14656]	0.000000
[14750]	0.000000
[14853]	0.000000
[14886]	0.000000
[14927]	0.000000
[14965]	0.000000
[14993]	0.000000
[15045]	0.000000
[15057]	0.000000
[15063]	0.000000
[15129]	0.000000
[15154]	0.000000
[15163]	0.000000
[15171]	0.000000
[15221]	0.000000
[15232]	0.000000
[15256]	0.000000
[15344]	0.000000
[15458]	0.000000
[15505]	0.000000
[15508]	0.000000
[15525]	0.000000
[15530]	0.000000
[15601]	0.000000
[15649]	0.000000
[15774]	0.000000
[15842]	0.000000
[15856]	0.000000
[15885]	0.000000
[15937]	0.000000
[15973]	0.000000
[16058]	0.000000
[16175]	0.000000
[16250]	0.000000
[16286]	0.000000
[16310]	0.000000
[16668]	0.000000
[10016]	1.000000
[10042]	1.000000
[10258]	1.000000
[10374]	1.000000
[10556]	1.000000
[10938]	1.000000
[11031]	1.000000
[11230]	1.000000
[11714]	1.000000
[11728]	1.000000
[11756]	1.000000
[11842]	1.000000
[11914]	1.000000
[11966]	1.000000
[12136]	1.000000
[13145]	1.000000
[13491]	1.000000
[13574]	1.000000
[13655]	1.000000
[13693]	1.000000
[13714]	1.000000
[13771]	1.000000
[13812]	1.000000
[14332]	1.000000
[14631]	1.000000
[14713]	1.000000
[14889]	1.000000
[14938]	1.000000
[16172]	1.000000
[16364]	1.000000
[16442]	1.000000
[16454]	1.000000
[16754]	1.000000
[16764]	1.000000
[10182]	1.414214
[10427]	1.414214
[10591]	1.414214
[10746]	1.414214
[10778]	1.414214
[10857]	1.414214
[10889]	1.414214
[11655]	1.414214
[11773]	1.414214
[12029]	1.414214
[12222]	1.414214
[12252]	1.414214
[12785]	1.414214
[12987]	1.414214
[13046]	1.414214
[13828]	1.414214
[13968]	1.414214
[14167]	1.414214
[14695]	1.414214
[14744]	1.414214
[14749]	1.414214
[14941]	1.414214
[15106]	1.414214
[16096]	1.414214
[16526]	1.414214
[16761]	1.414214
[10460]	1.732051
[10863]	1.732051
[11675]	1.732051
[13143]	1.732051
[14091]	1.732051
[15498]	1.732051
[15825]	1.732051
[15879]	1.732051
[16599]	1.732051
[16763]	1.732051
[10205]	2.000000
[10224]	2.000000
[10310]	2.000000
[10535]	2.000000
[10623]	2.000000
[10697]	2.000000
[10750]	2.000000
[11456]	2.000000
[11531]	2.000000
[11559]	2.000000
[11947]	2.000000
[12782]	2.000000
[12863]	2.000000
[13047]	2.000000
[13051]	2.000000
[13424]	2.000000
[13505]	2.000000
[13757]	2.000000
[13888]	2.000000
[14201]	2.000000
[14754]	2.000000
[14904]	2.000000
[15250]	2.000000
[15440]	2.000000
[15606]	2.000000
[15934]	2.000000
[16251]	2.000000
[16634]	2.000000
[16762]	2.000000
[10569]	2.236068
[11036]	2.236068
[11299]	2.236068
[11367]	2.236068
[12509]	2.236068
[12846]	2.236068
[13016]	2.236068
[13055]	2.236068
[13322]	2.236068
[14453]	2.236068
[14686]	2.236068
[15235]	2.236068
[15383]	2.236068
[10511]	2.449490
[11394]	2.449490
[11434]	2.449490
[12854]	2.449490
[12869]	2.449490
[16425]	2.449490
[16426]	2.449490
[13546]	2.449490
[15088]	2.645751
[15220]	2.645751
[10181]	2.828427
[11496]	2.828427
[11643]	2.828427
[12155]	2.828427
[12587]	2.828427
[12705]	2.828427
[13536]	2.828427
[14691]	2.828427
[15548]	2.828427
[16519]	2.828427
[16760]	2.828427
[12857]	3.000000
[15091]	3.000000
[16525]	3.000000
[16588]	3.000000
[16758]	3.000000
[11627]	3.162278
[12314]	3.162278
[12595]	3.162278
[13125]	3.162278
[16345]	3.162278
[15054]	3.162278
[10005]	3.316625
[15793]	3.316625
[10504]	3.464102
[10730]	3.464102
[11165]	3.464102
[11945]	3.464102
[11961]	3.464102
[14871]	3.464102
[16166]	3.464102
[11241]	3.605551
[13564]	3.605551
[14493]	3.605551
[10945]	3.741657
[11215]	3.741657
[11295]	3.741657
[11732]	3.741657
[12211]	3.741657
[12773]	3.741657
[13809]	3.741657
[15504]	3.872983
[10630]	4.000000
[11545]	4.000000
[11656]	4.000000
[13854]	4.000000
[13865]	4.000000
[15278]	4.000000
[15448]	4.000000
[11098]	4.242641
[14046]	4.242641
[14751]	4.242641
[16542]	4.242641
[11245]	4.472136
[11790]	4.472136
[12388]	4.472136
[14270]	4.472136
[15754]	4.472136
[11392]	4.582576
[13599]	4.582576
[15446]	4.582576
[16428]	4.582576
[11015]	4.690416
[13472]	4.690416
[13731]	4.690416
[14987]	4.690416
[15385]	4.690416
[14630]	4.795832
[12127]	4.898979
[14863]	4.898979
[15447]	4.898979
[10198]	4.898980
[11564]	4.898980
[12287]	4.898980
[10400]	5.000000
[10678]	5.099020
[14101]	5.099020
[16254]	5.196152
[11592]	5.291503
[10325]	5.477226
[10278]	5.477226
[12633]	5.477226
[11418]	5.477226
[13111]	5.567764
[10478]	5.656854
[11431]	5.656854
[14477]	5.656854
[13113]	5.744563
[13292]	5.830952
[13507]	5.830952
[13501]	6.000000
[14721]	6.000000
[15853]	6.000000
[16083]	6.000000
[14229]	6.164414
[16456]	6.164414
[12315]	6.244998
[14672]	6.324555
[14182]	6.480741
[14250]	6.480741
[15043]	6.480741
[12141]	6.633250
[15481]	6.708204
[14197]	6.782330
[16540]	6.782330
[11512]	6.928203
[16253]	6.928203
[16179]	7.000000
[11619]	7.211103
[11135]	7.348469
[11924]	7.348469
[13984]	7.348469
[11493]	7.348469
[15020]	7.549835
[13381]	7.745967
[10419]	7.745967
[10300]	7.874008
[15052]	7.874008
[10171]	8.000000
[13704]	8.062258
[13525]	8.124038
[14897]	8.306624
[11582]	8.485281
[12947]	8.602325
[14577]	8.660254
[13672]	8.717798
[11053]	8.944272
[16267]	8.944272
[10237]	9.055385
[11511]	9.055385
[12663]	9.165151
[14792]	9.591663
[11646]	9.643651
[15260]	9.797959
[12370]	9.848858
[14475]	9.949874
[15030]	10.000000
[16156]	10.000000
[10900]	10.049876
[12347]	10.677078
[10815]	10.677078
[12720]	10.770330
[14268]	10.770330
[15532]	10.908712
[11484]	10.954451
[14898]	10.954451
[16128]	11.224972
[14239]	11.313708
[16178]	11.489125
[15160]	11.874342
[13415]	11.916375
[11041]	12.409674
[12190]	12.489996
[14736]	12.727922
[12638]	13.228757
[11317]	13.266499
[12621]	13.266499
[16443]	13.416408
[10961]	13.453624
[12320]	13.564660
[12866]	13.856406
[11463]	14.000000
[13826]	14.106736
[11716]	14.177447
[13295]	14.282857
[16016]	14.422205
[14062]	14.491377
[13936]	14.662879
[11827]	15.297059
[15231]	15.297059
[14119]	15.362291
[10519]	15.874508
[14320]	15.874508
[15604]	16.062378
[12253]	16.733201
[13072]	16.852300
[12294]	16.970563
[12653]	17.058722
[13592]	17.146428
[14535]	17.521415
[14553]	17.748239
[13785]	17.748240
[14282]	17.888544
[12635]	18.000000
[16719]	18.220867
[11789]	18.330302
[14488]	18.708287
[10996]	18.841444
[15012]	18.894444
[10243]	19.235384
[14706]	19.544820
[13987]	19.595918
[14218]	19.748418
[11628]	20.199010
[13715]	20.199010
[13203]	20.248457
[13689]	20.273135
[15872]	20.736441
[10819]	20.736442
[10933]	21.023796
[15061]	21.142375
[10327]	21.236761
[12494]	21.354157
[11719]	21.424285
[11216]	21.702534
[11859]	21.725561
[15325]	21.725561
[12737]	21.771541
[12815]	21.771541
[12841]	21.863211
[14397]	22.135944
[14559]	22.248595
[12641]	22.583180
[13535]	22.781572
[12681]	22.847319
[13676]	22.978251
[12671]	23.043437
[10165]	23.237900
[10884]	23.430749
[13504]	23.622024
[10172]	23.748684
[15236]	23.769729
[11495]	23.811762
[13618]	23.832751
[15725]	24.248711
[13658]	25.377155
[12882]	25.748786
[14273]	25.922963
[11376]	26.153394
[11479]	26.343880
[13200]	26.362853
[12684]	26.400758
[14880]	26.589472
[11007]	26.944387
[12784]	26.981475
[11453]	27.202941
[12245]	27.549955
[11834]	27.568097
[12055]	28.705400
[12902]	28.844410
[16647]	28.844410
[15406]	29.120440
[15246]	29.495762
[11283]	30.265492
[11908]	30.967725
[12721]	31.272991
[12886]	31.272992
[10313]	31.559467
[13182]	31.780497
[11421]	32.000000
[13348]	32.046841
[16390]	32.372828
[13579]	32.434549
[12900]	32.634337
[14030]	32.710854
[10056]	32.863354
[11028]	33.045424
[14530]	33.226495
[12125]	33.241541
[15798]	33.286634
[12868]	33.316663
[11684]	33.406586
[11517]	33.466401
[14561]	33.496268
[13628]	33.615473
[11399]	33.674916
[14004]	33.674916
[15293]	33.674916
[11391]	33.763886
[10221]	34.785054
[11030]	34.928498
[11879]	35.185224
[12559]	35.552778
[13654]	35.637059
[12574]	35.777088
[11063]	35.874782
[16322]	36.318040
[10338]	36.359318
[11910]	36.932371
[10216]	37.107951
[12920]	37.282704
[14943]	37.363083
[12772]	37.589892
[14065]	37.616486
[12455]	37.709415
[10783]	37.868192
[14816]	38.301436
[12375]	38.379682
[15115]	38.600518
[11997]	38.755645
[11615]	38.781439
[13418]	39.306488
[12207]	39.446166
[11197]	39.661064
[10674]	39.761791
[13087]	40.199502
[14845]	40.261644
[14534]	40.804412
[15598]	41.036569
[12174]	41.060930
[13934]	41.170377
[16261]	41.629317
[11952]	42.249261
[10967]	42.614552
[12649]	42.918528
[13806]	42.953464
[10503]	43.127717
[10349]	43.405069
[16567]	43.852024
[12798]	43.977267
[12748]	44.743715
[13863]	44.966655
[10322]	45.055521
[14088]	45.133136
[12235]	45.221677
[11085]	45.585085
[13094]	45.956501
[12876]	46.711883
[10982]	46.743984
[15454]	47.031904
[15994]	47.159304
[11411]	47.853944
[14797]	47.979162
[14130]	48.135226
[12676]	48.249352
[15569]	49.142650
[13176]	49.183331
[12066]	49.396356
[10414]	50.497525
[12755]	50.833060
[13520]	51.146847
[14712]	51.205468
[11441]	51.439285
[15855]	51.913389
[15138]	52.497619
[10613]	52.630789
[13490]	52.744668
[15581]	52.763624
[12255]	53.525695
[11730]	53.563047
[10184]	53.758720
[14539]	53.795911
[10557]	54.027771
[10925]	54.790510
[14648]	55.081757
[10615]	55.991071
[15709]	56.000000
[14733]	56.302753
[12412]	56.973678
[11931]	57.393379
[12087]	57.532598
[10654]	57.549978
[11092]	57.844619
[11180]	58.094750
[16097]	58.668561
[15632]	58.762233
[11372]	58.855756
[13619]	59.329589
[13862]	59.497900
[14288]	59.799666
[14875]	60.024996
[14451]	60.074953
[10568]	60.794736
[11214]	60.794737
[15051]	61.171889
[12652]	61.188234
[10204]	61.310685
[11233]	61.579217
[10272]	62.161081
[14458]	62.761453
[15582]	62.896741
[12348]	63.118935
[14738]	63.142696
[12845]	63.182276
[15130]	63.529521
[14306]	63.874878
[10396]	63.921827
[15125]	64.249514
[10448]	65.038450
[12888]	65.337585
[11160]	65.604878
[14942]	65.635356
[12177]	65.711491
[12615]	66.932802
[13282]	67.037304
[13784]	67.082039
[13667]	67.082039
[10589]	68.454366
[15566]	68.796802
[15153]	68.920244
[15483]	69.007246
[13467]	69.028981
[15257]	69.411813
[16476]	69.641941
[13710]	70.292247
[13799]	70.413067
[13767]	70.427267
[11525]	70.547856
[16171]	70.866071
[15282]	71.105555
[14745]	71.232015
[14919]	71.665893
[15584]	71.840100
[14125]	71.888803
[10683]	72.318738
[14237]	72.353301
[10329]	72.374027
[13194]	72.869747
[10950]	73.457471
[10148]	73.525506
[15124]	73.525507
[13768]	73.844431
[12610]	74.417739
[15085]	74.939977
[15174]	75.099933
[10545]	75.106591
[13829]	75.159830
[10405]	75.359142
[10361]	75.471849
[15277]	75.749587
[11588]	76.131465
[16233]	76.210234
[14474]	76.602871
[11447]	76.902536
[13543]	76.954532
[14006]	77.788174
[11725]	78.076884
[13484]	78.249599
[12969]	79.170702
[12709]	79.448096
[15127]	79.536155
[14470]	79.868642
[13196]	79.874902
[15570]	80.074966
[15245]	80.124901
[14131]	80.498449
[12519]	81.018516
[14583]	81.203448
[10744]	81.240383
[15210]	81.498466
[11468]	81.516868
[13692]	81.565924
[15018]	81.584312
[14054]	81.608823
[10241]	81.884065
[11724]	82.018291
[11941]	83.114378
[12855]	83.234608
[11845]	83.282652
[15794]	85.205633
[15177]	85.240834
[12214]	85.416626
[10929]	85.440037
[13162]	86.671795
[13032]	86.810137
[12175]	86.856203
[16268]	87.584244
[10910]	87.761039
[13898]	87.874910
[10139]	87.937479
[14877]	88.062479
[12822]	88.079510
[11535]	88.232649
[14895]	90.099946
[11762]	91.104336
[12844]	91.782351
[14186]	92.217135
[12363]	92.951600
[10558]	93.085983
[14945]	93.375586
[15887]	93.674971
[15643]	93.893557
[15147]	93.898883
[11492]	94.010639
[13211]	94.361009
[14992]	94.376904
[13048]	94.662559
[10280]	94.752309
[15237]	94.805063
[15317]	95.205042
[13109]	95.210294
[12704]	95.247047
[10333]	96.109315
[15991]	96.176920
[13341]	96.182118
[13121]	96.886531
[14050]	97.077289
[14804]	97.948966
[10482]	98.295473
[10409]	98.620483
[14722]	99.065635
[15497]	99.075727
[12171]	100.309521
[15721]	100.458949
[13344]	100.975244
[12719]	101.533246
[12831]	103.344087
[14051]	103.421468
[12343]	104.182532
[15868]	104.565769
[14231]	104.799811
[13169]	105.147515
[10930]	105.285326
[12365]	106.235587
[12268]	106.723944
[10878]	106.967285
[13095]	108.374351
[10775]	108.646214
[16252]	108.940351
[14627]	110.199819
[10954]	110.353976
[15381]	111.148548
[15862]	111.485424
[10247]	112.423306
[13942]	112.609947
[12728]	112.672089
[15618]	113.287246
[11301]	113.401940
[10225]	114.061390
[12851]	114.280360
[12899]	115.308282
[10918]	116.073253
[13770]	116.163677
[11833]	116.202412
[11671]	116.511802
[10758]	117.162281
[10444]	117.396765
[11587]	117.843116
[15113]	117.889779
[11288]	118.186294
[13369]	118.321597
[12129]	118.338498
[11711]	118.911729
[11699]	119.079805
[11082]	119.272797
[12932]	120.270526
[14856]	121.181685
[12891]	122.503061
[11097]	123.223374
[12708]	123.697210
[15628]	124.879941
[10416]	124.996001
[15411]	125.187859
[12878]	125.195847
[10647]	125.558749
[10275]	126.873953
[15049]	127.161317
[11315]	127.949209
[10917]	128.218563
[14109]	128.296534
[14543]	128.417290
[14805]	128.693434
[10194]	128.825462
[10640]	128.922455
[13241]	129.104609
[12321]	130.537351
[11867]	131.984848
[10739]	133.660016
[15841]	134.007464
[14150]	135.159165
[11905]	135.653970
[15374]	137.324431
[15008]	137.557261
[14692]	137.713468
[15785]	138.188275
[14496]	138.340160
[12853]	138.816424
[10872]	139.298241
[14582]	139.416644
[13166]	139.749776
[12250]	139.910686
[13024]	139.985711
[13461]	140.000000
[13434]	140.178460
[15861]	140.292553
[10486]	140.577381
[14234]	141.827361
[12124]	142.119668
[13532]	143.502613
[14303]	144.416066
[12779]	145.739494
[15401]	146.519623
[13900]	146.611730
[13625]	150.093304
[14718]	150.412765
[13541]	151.617940
[14102]	152.032893
[13983]	154.077902
[12849]	154.816020
[11227]	156.051274
[13894]	156.652481
[10728]	156.834307
[11764]	157.330863
[12335]	158.082255
[11726]	161.012419
[15579]	161.121072
[10542]	161.703430
[15048]	162.061717
[13964]	162.111076
[15741]	162.803561
[11172]	163.578727
[14802]	164.070109
[15607]	164.353278
[11013]	165.215011
[12769]	166.324980
[11865]	166.538286
[15554]	166.943105
[10394]	167.400719
[12195]	168.493320
[13832]	172.910381
[10011]	173.355127
[14520]	174.985717
[12511]	177.549995
[12115]	179.966666
[14256]	182.518489
[12119]	183.030052
[12164]	183.182969
[15215]	183.956517
[10731]	184.591441
[10141]	184.856701
[13043]	187.221796
[10779]	187.957442
[13398]	188.356046
[11123]	188.403822
[10658]	188.419744
[14485]	189.802526
[14113]	189.823604
[14960]	192.818568
[10631]	193.277003
[13002]	194.858926
[10608]	196.852733
[14905]	197.395540
[11471]	197.813040
[12627]	198.065646
[10926]	198.670585
[14819]	199.849944
[11695]	200.154940
[14081]	206.155281
[16091]	207.716156
[11308]	209.076541
[10268]	209.153057
[10717]	210.038092
[13068]	214.827835
[14120]	215.302110
[12915]	215.548142
[14022]	215.944441
[13388]	217.990825
[14275]	220.637713
[11075]	222.283603
[11332]	225.166608
[11550]	225.237655
[11076]	225.665688
[16218]	226.922894
[16306]	227.129919
[12244]	228.249860
[12553]	228.394396
[12492]	229.521238
[15074]	229.717221
[11170]	230.460409
[14299]	230.759615
[11844]	234.307489
[10577]	236.254100
[15627]	236.645307
[11928]	237.947473
[14645]	245.505601
[16078]	248.953806
[10245]	249.739861
[14704]	254.668412
[11052]	255.115660
[11274]	256.563832
[14254]	256.721639
[11070]	264.816918
[16293]	269.792513
[16242]	272.851608
[11126]	274.444897
[11470]	274.699836
[11445]	275.768018
[10150]	277.661665
[12239]	282.049641
[16173]	284.109139
[14924]	284.183040
[11519]	284.341344
[14588]	284.815732
[14637]	289.385556
[11534]	289.951715
[10287]	291.756748
[11793]	291.926361
[12389]	292.184873
[12472]	294.581058
[16133]	297.281012
[13459]	299.989995
[13933]	301.405045
[10146]	302.125802
[14487]	304.813055
[14879]	305.499589
[11488]	305.882330
[13943]	308.029219
[12180]	308.980587
[13602]	309.198970
[10157]	321.737474
[13034]	322.781655
[14222]	322.908648
[11654]	324.212889
[11950]	325.760648
[11185]	327.059623
[10304]	329.435884
[10970]	333.226653
[12807]	334.140690
[10154]	334.442820
[14092]	335.040299
[10540]	337.934906
[13306]	342.911063
[10621]	349.574022
[10559]	352.879588
[11336]	355.290024
[10716]	356.134806
[15022]	356.254120
[14842]	362.960060
[11907]	363.384097
[13139]	365.225961
[10162]	368.039396
[12007]	369.279027
[10210]	380.316975
[12012]	381.795757
[14278]	386.126922
[14674]	386.671699
[11888]	388.782716
[10661]	391.061376
[14228]	393.476810
[13105]	393.669912
[11778]	395.006322
[11869]	398.913532
[10136]	404.054452
[13076]	409.951224
[11027]	413.434396
[15167]	418.204505
[15389]	418.234378
[11187]	422.095949
[10676]	424.715195
[16115]	425.933087
[13347]	426.675521
[14794]	435.251658
[13290]	438.086744
[15626]	441.095232
[13377]	442.158336
[15718]	443.855832
[12101]	444.719012
[11731]	446.922819
[15041]	449.723241
[11577]	450.267691
[14314]	453.265915
[16163]	454.273052
[15478]	456.124985
[10696]	457.589342
[11164]	466.270308
[16101]	470.340300
[13184]	470.448728
[12819]	474.037973
[13127]	474.805213
[12397]	478.388963
[13370]	479.385033
[10561]	496.403062
[12184]	497.835304
[13289]	497.995984
[14952]	507.275073
[16263]	510.194081
[15380]	514.810650
[11337]	516.287701
[12520]	517.289087
[13243]	524.997137
[14207]	525.271368
[10754]	532.151305
[15402]	536.358089
[14828]	538.740200
[14259]	540.987980
[13218]	545.508937
[14709]	546.999075
[11150]	550.378968
[12156]	550.926488
[11980]	551.992750
[14918]	556.435077
[12223]	562.017793
[11413]	573.447469
[10469]	574.633788
[14849]	574.705153
[10155]	576.640284
[15192]	578.898966
[12280]	581.295106
[11982]	588.401224
[11617]	595.073100
[15567]	611.175916
[14698]	615.494108
[16304]	621.630104
[13594]	627.114025
[14716]	627.874197
[11203]	647.022405
[15023]	650.421402
[11290]	679.997059
[15295]	684.692637
[11049]	688.470058
[12265]	697.028709
[13433]	703.828104
[10170]	710.470259
[12051]	712.320153
[12026]	721.897504
[11122]	722.670055
[15595]	725.545312
[10312]	732.741446
[14633]	734.479422
[16085]	746.264692
[10685]	747.220193
[11537]	747.393462
[13795]	754.196253
[11111]	755.094696
[15323]	756.260524
[12951]	756.571204
[13694]	761.457156
[15455]	768.433471
[11915]	773.249630
[11244]	777.694673
[12898]	780.922525
[13970]	793.819890
[13277]	796.435175
[16477]	808.987027
[11067]	820.911703
[10521]	836.478353
[10877]	839.306267
[12991]	845.531797
[11612]	846.155410
[15513]	849.055959
[12544]	856.246444
[16215]	867.427219
[11898]	870.124139
[13873]	878.582388
[11444]	881.360299
[14098]	891.373648
[11555]	892.541323
[11648]	907.747194
[14824]	912.723397
[14025]	926.542481
[10911]	934.383233
[15070]	942.549733
[14457]	944.207068
[13502]	947.552096
[14489]	948.308480
[10517]	949.499868
[15058]	955.874469
[15027]	975.653615
[13360]	994.472203
[13952]	998.911419
[14711]	1017.926816
[11146]	1029.365353
[12402]	1032.259638
[12003]	1033.429258
[12917]	1043.138530
[11921]	1050.127611
[12693]	1056.546241
[11563]	1057.124395
[10638]	1063.902262
[10357]	1069.551326
[13560]	1077.668308
[10244]	1092.788156
[13476]	1093.145472
[11953]	1093.229634
[13486]	1093.367276
[10415]	1103.798916
[11641]	1107.880830
[13029]	1114.438410
[10627]	1138.367265
[12094]	1140.982897
[10581]	1157.769429
[13408]	1158.706175
[12699]	1163.516231
[15013]	1202.638760
[13422]	1205.014532
[10752]	1208.514810
[11977]	1214.903707
[14681]	1231.240025
[10408]	1245.409999
[14252]	1258.816105
[10575]	1286.990268
[12884]	1297.238627
[10434]	1298.252676
[14512]	1304.265331
[13061]	1307.497625
[12441]	1313.809337
[12523]	1318.404698
[13269]	1334.355994
[10846]	1337.405728
[10747]	1348.916221
[11252]	1361.757688
[15092]	1370.445183
[14717]	1371.603799
[13256]	1372.125333
[11118]	1377.400795
[10732]	1381.333402
[13367]	1400.701240
[13264]	1410.481856
[10431]	1418.198517
[14108]	1425.875142
[14814]	1448.188545
[10990]	1448.347690
[10185]	1476.384058
[10781]	1490.514030
[11625]	1491.851842
[15258]	1499.956640
[16232]	1504.283859
[14210]	1510.719034
[12395]	1551.133451
[14012]	1609.425976
[14574]	1624.071431
[15624]	1630.671005
[10208]	1646.152486
[14689]	1652.774641
[13165]	1664.819788
[11503]	1671.887510
[10372]	1720.247040
[14783]	1723.560238
[11651]	1725.196800
[11140]	1729.660925
[10666]	1768.374646
[10551]	1779.883180
[11624]	1782.688372
[11369]	1799.724968
[16149]	1803.431743
[14955]	1829.808733
[10135]	1831.318077
[11823]	1842.631517
[12448]	1859.251437
[11868]	1861.090564
[15084]	1862.933150
[10980]	1866.086815
[12966]	1868.072553
[10279]	1891.161557
[13514]	1905.795083
[15356]	1929.222619
[10620]	1961.150683
[12206]	1981.888445
[15249]	1987.087280
[14153]	2003.586754
[14696]	2009.387928
[12986]	2020.794899
[12010]	2039.472756
[12990]	2063.960711
[11603]	2067.349231
[11721]	2074.467173
[12169]	2082.651649
[14739]	2089.769388
[11435]	2112.466292
[16042]	2114.027885
[13518]	2132.846468
[11481]	2200.808042
[12651]	2203.907877
[12323]	2204.846921
[10590]	2230.094186
[12217]	2250.430854
[15306]	2269.658124
[11637]	2333.114883
[14677]	2341.004683
[12073]	2359.807238
[16321]	2377.641478
[11775]	2383.561572
[11109]	2434.059614
[10711]	2440.014768
[10785]	2477.753057
[11638]	2522.421038
[11988]	2525.128116
[10849]	2564.403569
[10411]	2601.869469
[13156]	2639.542221
[13158]	2661.293274
[11455]	2721.245543
[11973]	2771.738060
[10868]	2819.104442
[14082]	2895.937719
[10158]	2902.876872
[12896]	2915.713753
[13230]	2928.419753
[14986]	2929.152465
[11003]	2993.382070
[14066]	3035.024512
[12391]	3082.727364
[15919]	3093.969223
[14193]	3101.960695
[10874]	3102.380074
[12982]	3105.453243
[15024]	3170.610335
[12143]	3225.735391
[14309]	3228.387975
[14286]	3234.461291
[13577]	3261.340149
[14838]	3349.564177
[12945]	3388.214608
[13180]	3398.786620
[14321]	3456.893899
[13605]	3669.483564
[15412]	3740.011724
[12016]	3809.246092
[12278]	3856.928840
[11995]	4077.567903
[11630]	4135.518268
[13485]	4170.600402
[14293]	4187.238462
[13296]	4193.282293
[12758]	4203.762545
[12277]	4238.879569
[10292]	4243.180926
[11267]	4416.616496
[12992]	4417.141159
[11996]	4504.281001
[14685]	4521.608298
[14312]	4590.675409
[10466]	4592.090752
[15096]	4614.887995
[10920]	4762.255212
[11874]	4776.064022
[16257]	4785.818130
[14832]	4853.019111
[12954]	4856.088961
[14262]	4863.748554
[11760]	4868.655935
[14576]	5027.984858
[14112]	5051.323179
[13744]	5287.403656
[11423]	5318.175513
[15370]	5492.593289
[10713]	5524.775020
[10599]	5694.788788
[12197]	5709.014569
[11884]	5709.900113
[10257]	5730.516919
[11986]	5822.319119
[16217]	5853.307945
[13931]	6376.103237
[11540]	6506.419206
[14524]	6541.125385
[14570]	6597.138352
[13830]	6640.985218
[13851]	6739.368843
[15376]	6786.132205
[14761]	6988.304709
[14307]	7018.596145
[16229]	7177.673246
[10994]	7321.909818
[13871]	7680.650062
[10140]	7757.544189
[13252]	7846.983584
[10792]	8181.114465
[14730]	8280.521148
[13891]	8372.867376
[12972]	8758.419720
[12451]	9021.447495
[10800]	9131.255079
[11032]	9676.714754
[10529]	10397.777598
[13244]	10602.070308
[10299]	10925.960468
[11193]	11416.816913
[11066]	11589.130953
[14908]	11629.494758
[13342]	11695.556358
[14893]	12135.134852
[14027]	12212.682834
[14843]	12396.936545
[11042]	12683.545072
[14122]	12942.706968
[14683]	12982.302358
[13198]	13888.079901
[14831]	14097.754636
[12339]	14213.388913
[14635]	14412.015522
[16271]	15100.802628
[14492]	15148.689965
[13796]	15157.915239
[12191]	15575.496278
[12173]	15923.156826
[13495]	15970.186644
[10423]	16521.713737
[15016]	16716.094237
[11259]	16929.968805
[10693]	17134.601186
[14057]	18805.229565
[14679]	19179.708631
[15304]	21172.487417
[13232]	21411.897522
[14869]	22375.868586
[11278]	22612.109320
[12953]	23137.538611
[10821]	23818.405955
[12264]	25164.047473
[14100]	27541.002732
[11433]	30870.651878
[10721]	31466.899573
[11697]	32775.297039
[13487]	33065.148973
[14747]	33281.096222
[14107]	34574.073901
[13204]	36080.187301
[11057]	36424.597023
[14771]	36493.456145
[12266]	37930.175953
[12889]	38195.501149
[11618]	39412.297964
[13303]	43722.674235
[11292]	43830.881839
[12478]	45949.309298
[11298]	50000.039828
[13930]	55222.897309
[12892]	58168.755885
[10397]	66013.609051
