[10171]	0.000000
[10194]	0.000000
[10209]	0.000000
[10380]	0.000000
[10386]	0.000000
[10424]	0.000000
[10555]	0.000000
[10562]	0.000000
[10615]	0.000000
[10617]	0.000000
[10817]	0.000000
[10970]	0.000000
[10971]	0.000000
[11050]	0.000000
[11198]	0.000000
[11230]	0.000000
[11388]	0.000000
[11415]	0.000000
[11487]	0.000000
[11522]	0.000000
[11548]	0.000000
[11633]	0.000000
[11646]	0.000000
[11816]	0.000000
[11834]	0.000000
[12018]	0.000000
[12055]	0.000000
[12125]	0.000000
[12132]	0.000000
[12134]	0.000000
[12155]	0.000000
[12263]	0.000000
[12324]	0.000000
[12436]	0.000000
[12598]	0.000000
[12773]	0.000000
[12785]	0.000000
[12938]	0.000000
[12956]	0.000000
[12957]	0.000000
[13024]	0.000000
[13087]	0.000000
[13113]	0.000000
[13115]	0.000000
[13153]	0.000000
[13246]	0.000000
[13295]	0.000000
[13297]	0.000000
[13341]	0.000000
[13381]	0.000000
[13501]	0.000000
[13540]	0.000000
[13546]	0.000000
[13587]	0.000000
[13616]	0.000000
[13629]	0.000000
[13667]	0.000000
[13785]	0.000000
[13788]	0.000000
[13809]	0.000000
[13890]	0.000000
[14046]	0.000000
[14115]	0.000000
[14167]	0.000000
[14283]	0.000000
[14397]	0.000000
[14424]	0.000000
[14467]	0.000000
[14561]	0.000000
[14691]	0.000000
[14807]	0.000000
[14812]	0.000000
[14853]	0.000000
[14863]	0.000000
[14871]	0.000000
[14886]	0.000000
[14972]	0.000000
[15018]	0.000000
[15053]	0.000000
[15113]	0.000000
[15129]	0.000000
[15256]	0.000000
[15310]	0.000000
[15325]	0.000000
[15343]	0.000000
[15344]	0.000000
[15372]	0.000000
[15458]	0.000000
[15534]	0.000000
[15603]	0.000000
[15774]	0.000000
[15842]	0.000000
[15885]	0.000000
[15971]	0.000000
[15973]	0.000000
[16334]	0.000000
[16456]	0.000000
[16668]	0.000000
[16696]	0.000000
[10198]	1.000000
[10938]	1.000000
[11619]	1.000000
[12633]	1.000000
[12857]	1.000000
[14239]	1.000000
[14493]	1.000000
[14721]	1.000000
[10324]	2.000000
[10329]	2.000000
[11245]	2.000000
[11545]	2.000000
[12141]	2.000000
[13884]	2.000000
[15020]	2.000000
[15091]	2.000000
[15382]	2.000000
[15932]	2.000000
[16702]	2.000000
[11036]	3.000000
[11627]	3.000000
[12315]	3.000000
[15030]	3.000000
[15081]	3.000000
[15448]	3.000000
[15793]	3.000000
[16345]	3.000000
[10327]	4.000000
[12252]	4.000000
[12705]	4.000000
[13016]	4.000000
[13574]	4.000000
[13655]	4.000000
[15278]	4.000000
[15427]	4.000000
[15504]	4.000000
[16363]	4.000000
[16454]	4.000000
[11392]	5.000000
[11720]	5.000000
[13415]	5.000000
[13564]	5.000000
[13693]	5.000000
[15250]	5.000000
[15754]	5.000000
[10535]	6.000000
[11827]	6.000000
[11856]	6.000000
[12103]	6.000000
[13111]	6.000000
[14987]	6.000000
[15604]	6.000000
[16704]	6.000000
[12653]	7.000000
[13984]	7.000000
[14505]	7.000000
[16646]	7.000000
[11241]	8.000000
[11512]	8.000000
[14229]	8.000000
[14004]	8.000000
[16128]	9.000000
[10325]	9.000000
[11399]	9.000000
[14320]	9.000000
[15010]	9.000000
[15440]	9.000000
[12663]	10.000000
[14553]	10.000000
[14736]	10.000000
[15160]	10.000000
[12621]	11.000000
[12900]	11.000000
[12294]	11.000000
[11484]	12.000000
[11924]	12.000000
[13958]	12.000000
[15385]	12.000000
[15236]	12.000000
[13094]	13.000000
[13704]	13.000000
[14766]	13.000000
[15012]	13.000000
[15853]	13.000000
[10243]	15.000000
[11511]	15.000000
[14268]	15.000000
[10237]	17.000000
[11317]	17.000000
[15061]	17.000000
[12635]	18.000000
[12866]	18.000000
[13898]	18.000000
[14880]	18.000000
[11628]	19.000000
[12737]	19.000000
[12720]	19.000000
[10996]	20.000000
[12638]	20.000000
[13676]	20.000000
[10961]	21.000000
[15618]	21.000000
[12370]	22.000000
[14119]	22.000000
[16588]	22.000000
[13715]	22.000000
[16390]	22.000000
[12641]	23.000000
[14282]	24.000000
[14712]	24.000000
[13424]	26.000000
[10910]	27.000000
[14062]	27.000000
[16171]	27.000000
[10819]	29.000000
[12307]	29.000000
[14559]	29.000000
[13467]	29.000001
[10933]	30.000000
[11053]	30.000000
[12671]	30.000000
[13771]	30.000000
[15231]	30.000000
[14877]	33.000000
[15725]	33.000000
[15374]	34.000000
[15406]	34.000000
[11028]	35.000000
[12253]	35.000000
[12784]	35.000001
[14273]	37.000000
[12755]	39.000000
[13618]	39.000000
[14816]	39.999999
[11463]	44.000000
[12652]	44.000000
[13200]	44.000000
[15043]	44.000000
[10216]	45.000000
[15798]	45.999999
[12815]	46.000000
[13826]	48.000000
[10313]	48.000000
[13535]	50.000000
[14218]	52.000000
[15171]	52.999998
[13439]	54.000000
[15843]	54.000000
[12087]	54.000001
[15293]	55.000000
[10965]	55.000002
[12363]	58.000000
[12868]	60.000000
[14656]	60.000000
[15601]	60.000000
[11859]	62.000000
[15381]	63.000000
[11560]	64.000000
[11007]	65.000000
[12390]	66.000000
[13863]	73.000000
[15709]	73.000002
[12681]	74.000000
[13573]	74.000000
[14130]	75.000001
[12748]	75.999999
[12772]	76.000002
[13934]	78.000000
[12235]	79.999998
[10674]	80.000000
[10654]	81.000000
[11952]	81.000000
[11719]	84.000000
[12676]	84.000000
[11781]	85.000000
[11997]	89.000000
[11684]	91.000000
[12721]	91.000000
[13806]	91.000000
[12883]	93.000000
[15794]	94.000000
[12185]	94.000002
[12190]	94.999998
[14081]	95.000000
[11411]	98.000000
[12615]	98.000000
[15085]	101.000001
[15569]	102.000000
[16322]	106.000000
[10783]	107.000000
[12494]	112.000000
[13710]	116.000000
[14474]	119.000004
[10884]	122.000000
[15282]	125.000000
[13579]	125.000004
[10349]	126.000000
[10221]	135.000000
[10204]	137.000000
[10322]	137.000000
[15242]	138.000000
[11711]	139.000000
[10241]	143.000000
[10405]	143.999996
[11283]	144.000000
[12886]	144.000000
[11441]	147.000000
[12798]	147.000000
[14535]	147.000000
[12174]	148.999998
[13196]	148.999998
[12245]	149.000000
[13504]	149.000000
[14943]	149.000000
[13121]	151.000000
[10683]	153.000000
[14797]	154.000000
[11879]	155.000000
[10184]	156.999996
[10165]	157.000000
[11216]	157.000000
[11531]	157.000000
[15074]	157.000000
[15167]	157.999996
[15257]	159.000000
[11225]	161.000000
[15581]	161.000004
[13032]	164.000000
[11941]	164.999998
[15245]	165.000000
[12709]	166.000000
[12855]	166.000004
[14125]	171.999998
[16647]	172.000000
[12610]	173.000000
[11495]	176.000000
[11535]	176.000004
[12902]	177.000000
[13182]	177.000000
[12841]	177.999996
[13348]	178.000000
[12822]	179.999994
[10396]	183.000000
[10950]	184.000000
[12348]	187.999992
[11789]	188.000000
[14534]	190.000000
[10139]	192.000008
[12559]	205.000000
[10557]	206.000000
[11085]	206.000000
[13767]	206.000000
[13768]	206.000000
[13803]	206.000000
[13770]	207.999994
[10775]	213.000000
[13746]	213.000000
[13369]	215.000000
[14804]	215.000000
[14306]	217.000000
[14627]	218.000002
[14856]	220.000000
[15887]	223.000000
[14237]	224.000000
[12207]	225.000000
[15627]	226.000000
[11908]	228.000000
[12214]	232.000008
[10272]	233.000000
[12704]	233.999989
[14919]	237.000000
[15721]	237.999992
[13862]	238.000000
[12878]	240.000000
[14875]	241.000000
[15124]	241.000008
[10414]	242.000000
[14895]	246.000000
[11123]	246.999992
[14088]	250.000008
[14288]	250.000008
[15991]	251.000000
[11233]	252.000000
[14805]	252.000000
[12142]	256.000000
[10444]	256.000008
[11588]	258.999996
[11931]	261.000000
[12831]	262.000000
[11492]	262.999992
[10589]	265.000000
[14234]	266.000004
[12211]	268.000008
[14054]	268.999996
[10416]	271.000000
[11214]	271.000000
[12268]	274.000002
[15741]	275.000010
[14802]	280.000000
[10247]	283.000000
[14539]	284.000000
[12719]	287.000000
[11762]	292.000000
[16567]	296.000000
[10298]	300.000000
[15598]	300.000000
[15147]	301.000000
[14131]	302.000000
[11845]	302.000008
[12649]	303.000000
[10925]	306.000000
[11468]	309.000000
[12844]	310.999989
[12321]	311.999996
[16261]	312.000000
[14120]	315.000000
[12175]	316.000000
[14648]	316.000000
[14275]	317.999992
[12455]	318.000000
[12690]	318.000000
[15049]	320.000008
[13942]	320.000015
[11197]	322.000000
[12708]	323.000000
[12412]	326.000000
[13490]	327.000000
[13832]	327.000000
[12851]	328.000000
[13176]	332.000000
[15115]	339.000000
[10621]	341.000000
[11227]	341.000000
[13853]	342.000000
[11615]	343.000000
[12769]	345.999989
[15862]	347.000015
[13434]	353.000008
[10225]	355.999992
[10640]	359.000004
[13520]	362.999989
[10558]	367.999992
[13894]	374.999992
[15051]	375.000000
[12171]	376.000000
[13654]	383.000000
[11726]	385.000008
[10967]	390.000000
[16091]	395.000011
[14942]	395.000015
[16233]	399.000000
[12375]	406.000000
[15554]	406.000000
[12899]	407.000008
[12779]	408.000000
[15861]	408.999985
[14718]	408.999996
[10333]	413.000000
[11447]	415.000000
[11725]	416.000000
[15483]	419.000000
[12728]	427.000000
[10338]	437.000000
[12195]	439.000008
[10647]	444.000000
[11160]	448.000000
[15785]	453.000000
[13109]	453.999985
[14065]	467.000000
[11833]	467.000004
[14470]	475.000000
[15497]	477.000000
[10744]	478.000000
[14102]	482.000000
[11063]	489.000000
[15502]	492.000006
[12845]	502.000000
[13211]	514.000000
[10480]	520.000000
[13398]	522.000000
[13002]	531.000000
[13966]	531.000000
[15994]	531.000000
[10613]	537.000000
[14738]	556.000000
[11764]	558.000000
[12335]	565.000000
[13541]	567.000000
[12549]	575.000004
[11288]	577.000000
[15454]	578.000000
[16166]	580.000000
[12853]	588.000023
[15138]	591.000000
[11550]	594.999985
[10930]	628.000000
[16078]	635.000008
[13282]	644.000015
[15153]	647.000015
[10540]	653.999987
[15855]	654.000000
[12255]	661.000000
[15841]	663.000000
[15130]	677.000000
[13543]	680.000000
[13614]	686.000000
[13194]	693.999985
[10917]	696.000000
[14745]	699.000000
[13964]	700.000000
[11730]	703.000000
[14109]	714.000000
[12932]	726.999985
[10559]	739.999981
[13162]	762.000000
[15579]	772.999969
[12343]	773.000000
[16253]	778.000000
[14722]	782.000000
[10245]	782.999985
[12920]	790.000000
[15632]	790.000000
[14485]	796.999985
[14231]	799.000000
[10470]	807.000000
[15174]	816.000000
[14186]	825.000000
[14692]	825.000000
[15237]	834.000000
[15125]	857.000000
[14733]	906.000000
[14451]	910.000000
[14458]	910.000000
[15210]	912.000000
[11587]	941.000000
[10482]	942.000000
[10739]	950.000000
[10926]	983.000031
[14150]	985.000031
[10954]	995.000000
[13344]	1002.000000
[12177]	1003.000000
[11525]	1017.000000
[10918]	1027.999969
[10304]	1039.999962
[12807]	1051.999969
[11844]	1067.999985
[14256]	1069.000031
[10361]	1086.000000
[12519]	1087.000000
[12876]	1113.000000
[11301]	1123.000031
[12129]	1141.000031
[13829]	1198.000000
[11345]	1212.000000
[13692]	1230.000000
[12888]	1249.000000
[11372]	1253.000000
[15478]	1266.000031
[11013]	1280.000000
[13799]	1314.000000
[14582]	1351.000031
[14006]	1380.000000
[14543]	1384.000031
[12365]	1391.000000
[11336]	1394.000015
[10448]	1398.000000
[15008]	1415.000000
[13900]	1432.000000
[13068]	1449.000000
[13105]	1488.999939
[14520]	1511.000000
[14789]	1512.000000
[12969]	1532.000000
[14583]	1553.000000
[11471]	1572.000000
[12250]	1572.000000
[11076]	1581.000000
[11075]	1601.000000
[16252]	1626.000000
[15246]	1627.999985
[15584]	1646.000000
[11315]	1677.999939
[11172]	1701.000000
[10545]	1704.000000
[10148]	1710.000000
[11905]	1718.000000
[15317]	1739.000000
[13983]	1750.000000
[13095]	1751.000000
[12180]	1756.000000
[13625]	1788.999939
[12119]	1815.999939
[16476]	1822.000000
[10568]	1852.000000
[15048]	1877.000000
[12124]	1909.000000
[11027]	1913.000000
[16268]	1922.000092
[10779]	1937.000000
[11097]	1937.000061
[12066]	1950.000000
[14022]	1968.999939
[11108]	1974.000000
[14196]	1980.000000
[14113]	1989.000000
[13241]	1991.000000
[11332]	2031.000000
[10631]	2048.000061
[15643]	2064.000000
[16097]	2083.000000
[11867]	2091.999939
[14991]	2124.000000
[10146]	2142.999939
[11534]	2154.999939
[10268]	2159.000000
[10728]	2217.000000
[11865]	2217.000000
[14487]	2233.000000
[12244]	2279.000000
[15401]	2293.000000
[15868]	2299.000000
[10731]	2337.000000
[10141]	2344.000000
[10011]	2360.000061
[14051]	2372.000000
[14960]	2446.000000
[14819]	2456.999969
[11907]	2493.000000
[12492]	2588.999908
[15607]	2592.000000
[14992]	2597.000000
[14588]	2633.000000
[12511]	2635.000000
[13048]	2652.000000
[14945]	2657.000000
[12627]	2676.000000
[10154]	2695.000000
[11671]	2722.000000
[12239]	2742.999939
[12184]	2786.999908
[10878]	2812.000000
[12164]	2856.999939
[10717]	2892.000000
[13459]	2915.000000
[11274]	2924.000000
[11150]	2930.000092
[14905]	2967.999878
[12007]	3057.999878
[14299]	3119.000000
[11928]	3182.000000
[10275]	3212.000000
[11204]	3232.000000
[11187]	3235.000000
[13289]	3272.999878
[11126]	3325.000000
[13034]	3336.999939
[11170]	3382.000122
[14259]	3389.000000
[12915]	3398.000000
[14674]	3424.000122
[10676]	3438.000000
[11488]	3533.000000
[14496]	3622.000000
[11470]	3640.999878
[11308]	3642.000000
[16293]	3688.999878
[11695]	3692.000000
[11699]	3703.000000
[14924]	3725.000000
[10754]	3790.000122
[13388]	3880.000000
[14092]	3892.000122
[10280]	3909.000000
[12891]	3949.000000
[12553]	3985.000122
[14828]	4023.000061
[15389]	4042.999878
[10150]	4087.000000
[16133]	4103.999939
[14637]	4126.000000
[12012]	4132.999878
[10661]	4137.999878
[10608]	4206.000000
[11070]	4236.000000
[13943]	4238.000000
[11654]	4238.999939
[14704]	4273.999878
[16306]	4284.000000
[13873]	4339.000214
[11519]	4360.000000
[13169]	4389.000000
[12223]	4413.000000
[13306]	4455.000000
[10157]	4462.000000
[15411]	4476.000000
[14842]	4523.000000
[10155]	4527.000000
[11869]	4527.000000
[15041]	4623.999939
[11778]	4651.000000
[14278]	4667.999878
[12849]	4677.000000
[11445]	4716.999756
[15022]	4770.000000
[10210]	4837.000122
[13970]	4871.999817
[14794]	4927.000000
[13532]	4933.000000
[13933]	4933.000000
[14879]	4983.000000
[10577]	5014.000000
[12544]	5082.000000
[14314]	5224.000000
[11111]	5275.000000
[14303]	5304.000000
[11980]	5360.999817
[14709]	5372.000061
[15215]	5398.999878
[14716]	5425.999878
[10170]	5463.000183
[13127]	5585.000000
[10658]	5587.000000
[14645]	5674.999878
[13139]	5721.000000
[13290]	5902.000000
[10136]	5980.000000
[10287]	6013.000122
[13166]	6058.000000
[14918]	6117.000122
[14222]	6155.000000
[11049]	6160.000000
[12389]	6245.000244
[12397]	6250.000000
[16101]	6312.999878
[16173]	6333.000000
[12819]	6373.000000
[12917]	6407.999908
[10486]	6451.000000
[14512]	6472.000122
[10872]	6481.000000
[11577]	6513.000000
[16115]	6513.999756
[15295]	6518.999817
[13076]	6549.000000
[11555]	6604.000244
[12472]	6623.000244
[10747]	6641.000092
[14952]	6739.000000
[16218]	6761.000000
[11067]	6792.999939
[16242]	6813.999756
[15626]	6815.999756
[13061]	6819.000244
[13377]	6979.000000
[11793]	7072.000000
[11122]	7266.000000
[12156]	7297.999878
[11888]	7438.000000
[11617]	7608.000000
[11950]	7611.000000
[13184]	7669.000000
[11563]	7715.000153
[11203]	7779.000000
[16477]	7794.000000
[11731]	7837.999878
[11982]	7913.000000
[15718]	7978.000000
[11337]	8085.000000
[10561]	8168.000244
[13347]	8385.999939
[14849]	8393.999756
[13602]	8522.000000
[10162]	8550.000000
[11052]	8771.000000
[14633]	8790.000000
[12991]	8801.000000
[14254]	8830.000000
[10185]	8872.999878
[12101]	8909.000000
[12265]	9014.000000
[16085]	9214.000000
[10469]	9369.000244
[13043]	9494.000244
[15023]	9768.999756
[16263]	9891.999756
[13594]	9965.000244
[14711]	10070.999634
[12280]	10222.000366
[15380]	10227.999878
[12026]	10327.000000
[14228]	10353.000000
[16163]	10563.999756
[11537]	10567.999512
[10590]	10615.000076
[14025]	10658.000000
[13370]	10796.000244
[11898]	10916.999817
[15070]	10926.999756
[13795]	11155.000000
[10312]	11162.000000
[15192]	11268.000488
[12884]	11336.999878
[10581]	11408.000000
[12898]	11510.999756
[13029]	11579.999695
[14698]	11753.000488
[16304]	11943.999756
[10551]	11948.000244
[14207]	11953.000488
[13433]	12116.000244
[10685]	12497.999634
[11413]	12561.000122
[11185]	12655.000000
[13277]	12856.000000
[12003]	12905.000000
[13476]	13240.000000
[11244]	13300.000000
[12951]	13329.000000
[15402]	13690.000000
[15323]	13746.000000
[11612]	13765.999756
[11146]	13908.000183
[11082]	14045.000000
[14098]	14232.000000
[13502]	14290.000488
[11648]	14458.999878
[15513]	14586.000000
[11921]	14651.000305
[10521]	14687.000000
[10758]	14691.000000
[11164]	15531.000000
[13952]	15847.000244
[14457]	15943.999878
[13360]	15952.000000
[10434]	15965.999756
[10517]	16089.000000
[11953]	16120.000000
[11641]	16438.999268
[15027]	16886.999512
[10716]	17290.999512
[14814]	17402.999390
[11977]	17950.000122
[15595]	17990.000000
[10208]	18205.000488
[12094]	18601.000488
[12520]	18775.999512
[12206]	19197.000000
[12523]	19383.000366
[15356]	19534.999512
[10575]	19689.000488
[16232]	19802.999268
[10408]	19889.999268
[14574]	20288.999268
[10990]	20610.000000
[14824]	20693.000488
[13422]	20827.999268
[12051]	20881.000488
[10431]	20973.999023
[11973]	21257.000793
[10732]	21270.000000
[15455]	21318.999023
[10627]	21353.999756
[10135]	21358.999512
[11481]	21490.000488
[14489]	21676.000977
[14108]	21798.999146
[11140]	22063.000488
[14696]	22114.999512
[10357]	22127.000000
[15624]	22143.000000
[11444]	22181.000977
[14689]	22417.000366
[13218]	22648.999023
[10638]	23010.000000
[13694]	23254.000000
[13486]	23575.000732
[10279]	23638.000000
[11290]	23728.000488
[12441]	23914.001221
[16215]	24343.000732
[15249]	24446.999268
[12073]	24942.999512
[11252]	25240.000488
[15058]	25553.000488
[13243]	25709.000977
[11823]	25791.000977
[10781]	26046.000000
[13367]	26126.000977
[14681]	26174.999512
[13256]	26483.000977
[13264]	26566.000488
[12323]	27329.000244
[10372]	28323.999756
[10696]	28562.000000
[11721]	28773.999023
[10620]	28869.000854
[14783]	29088.999023
[10980]	29231.001465
[14252]	29298.000000
[13560]	29349.998535
[14153]	29546.000977
[10846]	30253.999268
[11118]	30816.999512
[12651]	30860.000244
[10877]	31331.999512
[15567]	31529.000000
[13577]	31735.999268
[11503]	32166.999023
[11624]	32356.000244
[16149]	32798.000854
[11637]	32908.000000
[10666]	32911.001221
[13165]	33291.999512
[10752]	33335.999512
[12896]	33457.999756
[11868]	33611.000977
[11603]	33665.000000
[11651]	34023.000977
[12448]	35021.000977
[12693]	35417.000000
[13158]	35828.001709
[11630]	35924.999084
[12217]	36147.000732
[13269]	36340.000000
[13230]	37164.001465
[11775]	37653.000000
[14082]	38217.999268
[14012]	38849.000000
[10785]	39646.001953
[14955]	40105.000000
[10849]	40614.000000
[11003]	40870.001221
[11915]	41223.999023
[13408]	41737.998047
[10911]	41825.000000
[10868]	42181.999146
[12391]	42711.999390
[13514]	42799.998779
[12945]	42805.000000
[15084]	42983.999023
[14210]	43014.999023
[12169]	43066.000000
[15013]	45239.998535
[14321]	45487.999512
[10244]	45825.999023
[15919]	46033.001953
[12699]	47361.999023
[11109]	47653.000000
[12990]	47694.998291
[10415]	49260.999512
[15258]	49804.001953
[10158]	50042.998047
[12966]	50249.999023
[14717]	50270.999023
[10874]	50360.000488
[16042]	50430.000000
[11435]	51151.000000
[12402]	51858.000000
[14986]	53014.000977
[14193]	54587.001465
[12197]	54717.000732
[11995]	55813.998657
[10466]	56670.002197
[12010]	57027.999023
[15412]	57102.999023
[12278]	57439.001953
[11369]	58141.001953
[13485]	58948.000488
[11638]	59896.997070
[14685]	60209.998535
[16321]	61737.998047
[14112]	62733.000732
[10411]	63579.001465
[13296]	64012.998779
[13156]	64047.997559
[15024]	66173.999268
[12992]	66195.999023
[11625]	66637.998047
[13605]	67694.002441
[15096]	69923.001709
[11996]	70150.998047
[12395]	70599.999023
[13518]	70819.998047
[11267]	71641.000977
[12986]	72295.002441
[14677]	79013.997070
[14576]	84552.999756
[14739]	84724.999023
[12954]	90312.999512
[14761]	91007.001465
[10257]	93951.000977
[10711]	94619.000000
[11986]	94866.002930
[15092]	97604.999023
[11423]	98306.997559
[15370]	98561.997070
[13180]	99767.001953
[11540]	99993.002930
[14832]	100369.001221
[14312]	100760.999023
[10599]	102107.996826
[14262]	103929.996094
[14309]	106132.998047
[14293]	106276.999512
[12982]	108808.000488
[13931]	108958.997314
[11884]	110564.001953
[10994]	110965.994141
[15306]	112082.003906
[14524]	114801.000000
[14730]	115005.000732
[14838]	115311.005371
[14066]	116683.002930
[12143]	117487.001953
[16257]	118387.998047
[10713]	119665.997314
[14307]	123633.999023
[14570]	124976.000000
[12758]	127681.994629
[12016]	128468.003906
[13851]	131362.995850
[11455]	134023.004883
[15376]	135705.995361
[14286]	136298.997070
[11874]	136479.997559
[11988]	142067.999023
[13244]	142295.000916
[10792]	143954.005127
[10292]	148410.997559
[10800]	148620.995850
[13871]	151711.006348
[16217]	153502.993652
[10140]	156053.992188
[13891]	156772.992676
[10299]	157429.994507
[12451]	188088.003906
[16229]	200105.000000
[10920]	203734.997070
[10529]	212471.993164
[11760]	214716.000000
[11193]	219603.992432
[12277]	222134.003906
[13342]	235173.995361
[11066]	245266.003418
[14122]	270002.999268
[13830]	271940.993652
[11042]	288731.985352
[14027]	291466.994629
[13744]	297002.990234
[13252]	298564.013672
[12339]	300555.999756
[14683]	317104.003906
[11032]	350645.998535
[14893]	352161.994141
[14492]	353856.000488
[13198]	377549.992676
[14831]	378454.988281
[14843]	391270.010742
[14908]	394896.992676
[13495]	407138.994141
[10693]	414424.011719
[13796]	426243.012695
[10423]	432679.980469
[16271]	440941.998535
[14635]	452548.011719
[15016]	473906.005859
[12191]	485878.009766
[12972]	518958.000000
[11259]	581885.991211
[14057]	610271.982422
[12264]	693531.966797
[13232]	730625.976563
[15304]	749465.992188
[14679]	764755.983398
[11278]	778002.016602
[12173]	786867.000000
[10821]	793438.019531
[14869]	829938.983398
[12953]	1024887.035156
[14100]	1038555.027344
[10721]	1181656.015625
[11433]	1220345.016602
[11697]	1226329.984375
[13487]	1296955.983398
[11618]	1353757.007324
[14747]	1485945.021484
[11057]	1614013.933594
[13204]	1645395.048828
[12266]	1682471.074219
[12889]	1688995.986328
[14107]	1729072.049805
[13303]	1856752.933594
[14771]	1863132.046875
[11292]	2077809.964844
[12478]	2162472.962891
[11298]	2479414.970703
[13930]	2658688.981445
[12892]	2941275.041016
[10397]	3785836.899414
