[10033]	0.000000
[10039]	0.000000
[10194]	0.000000
[10209]	0.000000
[10386]	0.000000
[10480]	0.000000
[10617]	0.000000
[10778]	0.000000
[10817]	0.000000
[10856]	0.000000
[10952]	0.000000
[10971]	0.000000
[10982]	0.000000
[10999]	0.000000
[11002]	0.000000
[11036]	0.000000
[11050]	0.000000
[11086]	0.000000
[11198]	0.000000
[11204]	0.000000
[11230]	0.000000
[11282]	0.000000
[11351]	0.000000
[11415]	0.000000
[11450]	0.000000
[11487]	0.000000
[11522]	0.000000
[11938]	0.000000
[11945]	0.000000
[12018]	0.000000
[12125]	0.000000
[12132]	0.000000
[12134]	0.000000
[12147]	0.000000
[12228]	0.000000
[12252]	0.000000
[12263]	0.000000
[12324]	0.000000
[12436]	0.000000
[12549]	0.000000
[12591]	0.000000
[12598]	0.000000
[12745]	0.000000
[12933]	0.000000
[12938]	0.000000
[12956]	0.000000
[12957]	0.000000
[13081]	0.000000
[13113]	0.000000
[13115]	0.000000
[13151]	0.000000
[13246]	0.000000
[13259]	0.000000
[13295]	0.000000
[13297]	0.000000
[13397]	0.000000
[13464]	0.000000
[13483]	0.000000
[13540]	0.000000
[13564]	0.000000
[13587]	0.000000
[13619]	0.000000
[13629]	0.000000
[13667]	0.000000
[13682]	0.000000
[13754]	0.000000
[13757]	0.000000
[13785]	0.000000
[13788]	0.000000
[13890]	0.000000
[13954]	0.000000
[13957]	0.000000
[14004]	0.000000
[14054]	0.000000
[14115]	0.000000
[14196]	0.000000
[14467]	0.000000
[14553]	0.000000
[14646]	0.000000
[14744]	0.000000
[14807]	0.000000
[14886]	0.000000
[14991]	0.000000
[14993]	0.000000
[15043]	0.000000
[15045]	0.000000
[15053]	0.000000
[15129]	0.000000
[15343]	0.000000
[15344]	0.000000
[15363]	0.000000
[15458]	0.000000
[15601]	0.000000
[15603]	0.000000
[15610]	0.000000
[15774]	0.000000
[15842]	0.000000
[15906]	0.000000
[15973]	0.000000
[16166]	0.000000
[16178]	0.000000
[16336]	0.000000
[16456]	0.000000
[16480]	0.000000
[16668]	0.000000
[16722]	0.000000
[16746]	0.000000
[10005]	1.000000
[10670]	1.000000
[11728]	1.000000
[12782]	1.000000
[12785]	1.000000
[12869]	1.000000
[13044]	1.000000
[13359]	1.000000
[13574]	1.000000
[13884]	1.000000
[13984]	1.000000
[14166]	1.000000
[14818]	1.000000
[15205]	1.000000
[16128]	1.000000
[10324]	2.000000
[10630]	2.000000
[10933]	2.000000
[11058]	2.000000
[11098]	2.000000
[11223]	2.000000
[11367]	2.000000
[11493]	2.000000
[11646]	2.000000
[11732]	2.000000
[11961]	2.000000
[12583]	2.000000
[12955]	2.000000
[12983]	2.000000
[13630]	2.000000
[13674]	2.000000
[13693]	2.000000
[13729]	2.000000
[14551]	2.000000
[14639]	2.000000
[14778]	2.000000
[15235]	2.000000
[15256]	2.000000
[15427]	2.000000
[15447]	2.000000
[15448]	2.000000
[15872]	2.000000
[15885]	2.000000
[15992]	2.000000
[16345]	2.000000
[16454]	2.000000
[16736]	2.000000
[16742]	2.000000
[10017]	3.000000
[10746]	3.000000
[10815]	3.000000
[10938]	3.000000
[10965]	3.000000
[11299]	3.000000
[11545]	3.000000
[11628]	3.000000
[11789]	3.000000
[11924]	3.000000
[12127]	3.000000
[12773]	3.000000
[12854]	3.000000
[12870]	3.000000
[14268]	3.000000
[14577]	3.000000
[15250]	3.000000
[15278]	3.000000
[16728]	3.000000
[10042]	4.000000
[10325]	4.000000
[10348]	4.000000
[10643]	4.000000
[11025]	4.000000
[11245]	4.000000
[11392]	4.000000
[11531]	4.000000
[11592]	4.000000
[11899]	4.000000
[12190]	4.000000
[12484]	4.000000
[12633]	4.000000
[12705]	4.000000
[13731]	4.000000
[14493]	4.000000
[14530]	4.000000
[14855]	4.000000
[14987]	4.000000
[15246]	4.000000
[10535]	5.000000
[13501]	5.000000
[14871]	5.000000
[10310]	5.000000
[10678]	5.000000
[11431]	5.000000
[11619]	5.000000
[11842]	5.000000
[11883]	5.000000
[12222]	5.000000
[12857]	5.000000
[14371]	5.000000
[14672]	5.000000
[15103]	5.000000
[15504]	5.000000
[16023]	5.000000
[16478]	5.000000
[16479]	5.000000
[10172]	6.000000
[10519]	6.000000
[11720]	6.000000
[11756]	6.000000
[11827]	6.000000
[12108]	6.000000
[13381]	6.000000
[14229]	6.000000
[15081]	6.000000
[15385]	6.000000
[15656]	6.000000
[16429]	6.000000
[16498]	6.000000
[16526]	6.000000
[10171]	6.000000
[13958]	7.000000
[10790]	7.000000
[11215]	7.000000
[11241]	7.000000
[13016]	7.000000
[13535]	7.000000
[13655]	7.000000
[14320]	7.000000
[14453]	7.000000
[14721]	7.000000
[14889]	7.000000
[15091]	7.000000
[16743]	7.000000
[12315]	8.000000
[13685]	8.000000
[14332]	8.000000
[14863]	8.000000
[14996]	8.000000
[16353]	8.000000
[16744]	8.000000
[14397]	8.000000
[11456]	9.000000
[11511]	9.000000
[14182]	9.000000
[15631]	9.000000
[15934]	9.000000
[16095]	9.000000
[14477]	10.000000
[12587]	10.000000
[13415]	10.000000
[13936]	10.000000
[14167]	11.000000
[16523]	11.000000
[14119]	11.000000
[14712]	11.000000
[14898]	11.000000
[11512]	12.000000
[12141]	12.000000
[13672]	12.000000
[15793]	12.000000
[15853]	12.000000
[16016]	12.000000
[12638]	13.000000
[13111]	13.000000
[16310]	13.000000
[14046]	14.000000
[16261]	14.000000
[10243]	15.000000
[12720]	15.000000
[13987]	15.000000
[12370]	16.000000
[15754]	16.000000
[13715]	17.000000
[10198]	18.000000
[10327]	18.000000
[14880]	18.000000
[12574]	19.000000
[14897]	19.000000
[13094]	20.000000
[13704]	21.000000
[15160]	21.000000
[12294]	22.000000
[12663]	22.000000
[12635]	23.000000
[13898]	23.000000
[11053]	24.000000
[15236]	25.000000
[11317]	26.000000
[12866]	27.000000
[13676]	27.000000
[11484]	28.000000
[12882]	29.000000
[12653]	29.000001
[15481]	30.000000
[15618]	30.000000
[14282]	30.999999
[10237]	31.000000
[14050]	32.000000
[11028]	33.000000
[15061]	33.000000
[16078]	34.000000
[12641]	34.000000
[10783]	35.000000
[10996]	38.000000
[11376]	38.000000
[14062]	38.000000
[15012]	38.000000
[12621]	39.999999
[14273]	43.000000
[12900]	44.000000
[14218]	45.000000
[12737]	46.000000
[15231]	47.000000
[14559]	48.000000
[12784]	48.000002
[11463]	51.000000
[14816]	51.999999
[13618]	57.000000
[13934]	60.000000
[11453]	61.000000
[15293]	61.000001
[10313]	63.000000
[11344]	63.000000
[11859]	64.000000
[13087]	65.000000
[12748]	65.999999
[12815]	66.000000
[15171]	70.000000
[12772]	71.000000
[13418]	71.000000
[13826]	71.000000
[12348]	73.000000
[12253]	76.000000
[13853]	78.000000
[12671]	79.999998
[11007]	81.000000
[13203]	82.000000
[15725]	82.000000
[11952]	82.000002
[12755]	84.000000
[10961]	85.999998
[13863]	86.000000
[15245]	86.000004
[12681]	88.000000
[12615]	91.999998
[12494]	93.000000
[13806]	94.000000
[12676]	99.000000
[10884]	100.000000
[15825]	101.000000
[12235]	102.000000
[11479]	104.000000
[12652]	104.000004
[12868]	105.999996
[13439]	107.000000
[15118]	108.000000
[13966]	109.000000
[13221]	112.000000
[16156]	112.000000
[13579]	113.000000
[12087]	117.000000
[15709]	125.000004
[10349]	126.000000
[14533]	126.000000
[15598]	130.000000
[15707]	131.000000
[11421]	132.000000
[13307]	133.000000
[10444]	135.000000
[13255]	135.000000
[12902]	136.000000
[10569]	139.000000
[10674]	140.000000
[14474]	141.999996
[15794]	144.999996
[10322]	145.000000
[12149]	145.000000
[15502]	145.000000
[16390]	145.000000
[13746]	148.000000
[16567]	151.000000
[15085]	151.000004
[15532]	152.000000
[11495]	153.000000
[10562]	158.000000
[11411]	158.000004
[11283]	159.000000
[12798]	159.000000
[11399]	159.999996
[11216]	161.000000
[16252]	162.000000
[10165]	163.000000
[15147]	166.000000
[15708]	166.000000
[11684]	167.000000
[13809]	167.000000
[10329]	167.000008
[15406]	169.000000
[11375]	170.000004
[11941]	171.000002
[14535]	172.000000
[10221]	174.000000
[10204]	175.000000
[13341]	175.000000
[10184]	176.000000
[11764]	176.000000
[12174]	176.000000
[15950]	176.000000
[15581]	178.000000
[12390]	179.000004
[13654]	180.000000
[14856]	180.000000
[12721]	186.000000
[13504]	186.000000
[12841]	187.000000
[13200]	187.000000
[14125]	189.000000
[10683]	195.000000
[16322]	195.000000
[12055]	199.999998
[10139]	205.000008
[10396]	206.999998
[11997]	207.000000
[10558]	209.000000
[15798]	209.000004
[14804]	210.999996
[12704]	211.000000
[13768]	211.999992
[12239]	214.000000
[10654]	215.000000
[10216]	217.999992
[14627]	218.999992
[11535]	220.999998
[16091]	225.000006
[12245]	231.000000
[11214]	235.000000
[12649]	235.000008
[10241]	236.000000
[14738]	239.000000
[13196]	239.999994
[14130]	240.000000
[12214]	241.000008
[12610]	244.000000
[14919]	244.000000
[13710]	247.000002
[15887]	247.999989
[11123]	248.999996
[12899]	250.999992
[13369]	251.000004
[10478]	256.999992
[11711]	257.000000
[15721]	257.000008
[15570]	259.999992
[13072]	260.000000
[12268]	260.999992
[15282]	261.999989
[12822]	263.000011
[16097]	267.000000
[15569]	269.000000
[11834]	270.000000
[11441]	275.000000
[11879]	276.000000
[13767]	276.000000
[14088]	276.000000
[12965]	277.000000
[11085]	278.000000
[14692]	279.000000
[14895]	279.999996
[14534]	283.000000
[13467]	286.000008
[13434]	288.999992
[14237]	290.000000
[13862]	293.000000
[15257]	294.000000
[10416]	295.999992
[10338]	297.000000
[11908]	298.000000
[15124]	298.000000
[11468]	299.000000
[16647]	305.000000
[12320]	306.000000
[15153]	309.999992
[11225]	311.000000
[12321]	312.000011
[14805]	318.000000
[16267]	320.000000
[10405]	325.000008
[12719]	336.000000
[10557]	339.000000
[10247]	341.000004
[12844]	345.999985
[13182]	346.000000
[13520]	349.000000
[13176]	350.000000
[14288]	351.000000
[12709]	352.000000
[13348]	352.000000
[15115]	355.000000
[12455]	357.000000
[11845]	357.000008
[11492]	365.999985
[10272]	366.000000
[13942]	368.000000
[10775]	371.000000
[15049]	372.999992
[14797]	377.000000
[10925]	379.000000
[11063]	381.000000
[10298]	384.000000
[12851]	384.000015
[15861]	387.999989
[11233]	389.000000
[12769]	391.000004
[12708]	393.000000
[15862]	396.000000
[13770]	399.000008
[14943]	404.000000
[10225]	404.000015
[13799]	406.000000
[10503]	412.000000
[10414]	413.000000
[13490]	415.000000
[11197]	416.000000
[14942]	417.000000
[14065]	419.000000
[12412]	420.000000
[14488]	421.000000
[11726]	422.000015
[10967]	423.000000
[14875]	423.999985
[12375]	425.000000
[12559]	426.000000
[15167]	426.000000
[14102]	426.999985
[13109]	429.000000
[14275]	429.000000
[10640]	429.999989
[11931]	430.000000
[14648]	437.000000
[14718]	439.000008
[13032]	441.000000
[12845]	446.000000
[13614]	448.000000
[11227]	459.999981
[14131]	463.000023
[15051]	469.000000
[15741]	470.999989
[11588]	472.000008
[12779]	475.000000
[13398]	477.000000
[15582]	478.000000
[13894]	488.000008
[10744]	494.000000
[14234]	495.999985
[15785]	502.000008
[12171]	512.000000
[12855]	512.000015
[11615]	514.000000
[15554]	516.000000
[12195]	521.000004
[12831]	521.999985
[13388]	522.000000
[15381]	529.000000
[15628]	537.999985
[11447]	538.000000
[10589]	540.000000
[10409]	548.000015
[13484]	549.000000
[14539]	549.000000
[12363]	553.000000
[12175]	567.000000
[10621]	573.000000
[15483]	577.000000
[11833]	579.999985
[12684]	580.000000
[10950]	583.000000
[14877]	587.000015
[15138]	595.000000
[15991]	600.000000
[11092]	603.000000
[11725]	605.000015
[16233]	610.000000
[14789]	617.000000
[11762]	624.999985
[11288]	629.000000
[15174]	634.000000
[12853]	634.999992
[14745]	648.000000
[12728]	651.000000
[15210]	651.000000
[12876]	652.000000
[13461]	653.000023
[13211]	656.000000
[14451]	656.000000
[13024]	675.999985
[10910]	678.000000
[15994]	684.000000
[10930]	690.999985
[13162]	691.000000
[14306]	698.000015
[15454]	699.000000
[14733]	700.000000
[12343]	704.000000
[10333]	708.000000
[16306]	709.000000
[10917]	712.000000
[11372]	715.000000
[11550]	748.999981
[13543]	758.000000
[11907]	763.000000
[12878]	772.999969
[14802]	774.000000
[16268]	778.000031
[12255]	782.000000
[10819]	797.000031
[11844]	798.000015
[13194]	799.000000
[11180]	804.000000
[11654]	806.000000
[15841]	817.000031
[10540]	826.000031
[15632]	867.000000
[11719]	868.000000
[14186]	876.000000
[12335]	877.999969
[13121]	880.000031
[11534]	888.000000
[15374]	889.999969
[14458]	896.000000
[12932]	921.000000
[14485]	927.000008
[10647]	946.999969
[12920]	951.000000
[14278]	951.000000
[14470]	962.000000
[15579]	964.999969
[10245]	968.000015
[15130]	969.000000
[15127]	996.000000
[12012]	1000.000000
[13282]	1011.000000
[11730]	1024.000000
[14496]	1024.000000
[14231]	1036.999969
[10954]	1041.000000
[10926]	1063.000031
[14722]	1079.000000
[13068]	1084.000000
[12807]	1116.999947
[11345]	1127.000000
[13829]	1130.000000
[11548]	1138.000000
[14168]	1139.000000
[13628]	1172.000000
[14109]	1176.000000
[15237]	1194.000000
[13964]	1197.000000
[13002]	1202.000015
[12888]	1205.000000
[12519]	1216.000000
[10304]	1219.999969
[15125]	1227.000000
[15584]	1257.000000
[15317]	1273.000000
[15008]	1298.000000
[12177]	1333.000000
[12129]	1333.999969
[14256]	1336.000031
[10613]	1369.000000
[14819]	1380.000000
[13344]	1386.000000
[15018]	1401.000000
[10739]	1411.999969
[10482]	1420.000031
[16476]	1437.000000
[10280]	1455.000000
[15478]	1463.999969
[11587]	1468.000031
[14543]	1476.000000
[12119]	1477.000031
[11525]	1483.000000
[11315]	1483.000031
[12969]	1503.000000
[15855]	1508.000000
[16173]	1525.999969
[10559]	1528.000031
[11301]	1539.000000
[14259]	1557.999985
[13692]	1611.000000
[13900]	1619.000000
[10448]	1635.000000
[11160]	1648.000000
[11503]	1648.000000
[11013]	1679.000061
[11332]	1683.000000
[14582]	1683.999939
[16304]	1689.000000
[12365]	1699.000000
[10631]	1728.999939
[10361]	1743.000000
[10929]	1749.000000
[10545]	1755.000000
[10918]	1764.999939
[14583]	1769.000000
[15910]	1770.000000
[14150]	1770.999939
[13832]	1788.999939
[13983]	1809.000000
[14520]	1851.999939
[11905]	1872.999939
[12250]	1903.000031
[14006]	1923.000000
[11336]	1965.000000
[12124]	1969.000000
[14637]	2000.000000
[11445]	2001.000061
[15113]	2004.999939
[11027]	2075.000015
[11671]	2088.000000
[14992]	2088.000000
[14945]	2128.000000
[10717]	2135.000061
[10878]	2178.000000
[13095]	2179.000000
[10779]	2183.000000
[11471]	2188.000000
[11126]	2206.000000
[11082]	2220.000000
[14022]	2232.000000
[13289]	2245.000000
[13105]	2261.999969
[12115]	2278.000000
[13241]	2280.000000
[14120]	2285.000061
[11865]	2290.000000
[15643]	2290.000000
[11076]	2307.999939
[13541]	2318.000000
[12492]	2328.000000
[11867]	2364.999939
[15074]	2367.000000
[15627]	2371.000000
[11519]	2377.000000
[13048]	2406.000000
[12094]	2420.000000
[13604]	2437.000000
[14905]	2455.000061
[14092]	2486.000000
[10568]	2531.000000
[10141]	2535.000000
[10970]	2546.000000
[10731]	2555.000000
[12164]	2577.999939
[12511]	2598.000000
[15215]	2613.000000
[10268]	2617.000122
[10728]	2627.000000
[14081]	2641.000000
[15868]	2661.000000
[11172]	2721.000000
[12184]	2726.000061
[14051]	2739.000000
[12553]	2852.000000
[13166]	2870.000000
[15401]	2968.000000
[16133]	2986.000092
[12244]	3009.000000
[13169]	3072.000000
[11170]	3091.999878
[14113]	3153.000000
[11097]	3154.999878
[15389]	3222.000000
[11274]	3303.000000
[14709]	3320.999924
[10146]	3355.999878
[15041]	3366.000000
[14960]	3399.000000
[13306]	3440.000000
[11070]	3450.000000
[12180]	3487.000000
[10011]	3500.000000
[11187]	3512.000122
[11699]	3528.000000
[15626]	3557.999878
[15497]	3608.000000
[11075]	3647.000000
[13034]	3652.000000
[13933]	3658.000000
[10542]	3675.000000
[10754]	3675.999939
[12472]	3682.000122
[16293]	3703.999878
[15607]	3804.000000
[12007]	3806.000000
[13459]	3868.000000
[14645]	3871.000122
[15048]	3883.000122
[14487]	3916.999878
[10758]	3917.000000
[13625]	3949.000000
[11563]	4032.000061
[16115]	4086.000000
[11150]	4125.000000
[14222]	4128.000000
[14588]	4187.000000
[14849]	4210.000000
[11731]	4299.999969
[13502]	4355.000000
[10275]	4474.000000
[14828]	4495.000183
[10486]	4525.000000
[15411]	4531.000000
[11308]	4561.000000
[13043]	4564.000122
[10150]	4627.000122
[12891]	4695.000000
[11980]	4819.999878
[15022]	4915.000000
[14879]	5003.000000
[14704]	5023.999878
[12915]	5032.000000
[13532]	5054.000000
[11470]	5068.000000
[12849]	5094.000000
[10210]	5182.000000
[12066]	5223.000000
[13873]	5298.000092
[14239]	5320.000000
[16242]	5455.000122
[11950]	5485.000000
[14842]	5587.000000
[12627]	5597.000000
[13970]	5695.000000
[16101]	5803.999878
[14299]	5834.000000
[12389]	5932.999878
[10155]	5967.000000
[16218]	5976.000000
[10577]	5980.000000
[11695]	6033.000000
[10658]	6122.000000
[10157]	6127.000000
[10872]	6150.000000
[10170]	6179.999924
[13290]	6282.999878
[10162]	6353.000000
[10676]	6385.000000
[13127]	6475.999878
[14303]	6520.000000
[10154]	6622.999695
[11555]	6704.000244
[10287]	6764.000000
[11111]	6853.000000
[13139]	6864.000244
[14025]	7085.999939
[11052]	7190.000000
[13594]	7204.000000
[15295]	7250.000153
[14952]	7295.000000
[11793]	7359.000000
[12265]	7364.000244
[14254]	7412.000000
[14794]	7433.000000
[13347]	7475.000000
[12917]	7512.999756
[14512]	7535.000244
[13076]	7593.000000
[13061]	7697.000198
[14314]	7707.999756
[11122]	7761.000000
[12898]	7807.000122
[11778]	7859.000000
[10661]	7881.000000
[10312]	7892.000122
[12223]	7966.999756
[10608]	7974.000000
[11577]	7981.000000
[10136]	7992.999878
[13602]	8005.000000
[12819]	8009.000000
[10590]	8018.000107
[11244]	8046.999756
[14207]	8088.000000
[14716]	8112.000000
[14924]	8190.000000
[11067]	8241.000366
[16163]	8536.999878
[14674]	8624.000000
[11049]	8628.999939
[16477]	8630.000000
[15192]	9082.999878
[12544]	9164.000000
[12156]	9234.000000
[10372]	9238.000000
[11888]	9253.000000
[10561]	9265.000000
[11617]	9395.000000
[10747]	9406.000000
[12101]	9453.999756
[11869]	9454.000000
[13370]	9477.000122
[12397]	9813.999756
[14228]	9960.000000
[13377]	10041.000000
[14633]	10144.000244
[10185]	10378.999634
[13184]	10440.000000
[10394]	10464.000244
[11185]	10563.000000
[11537]	10784.000244
[11898]	10809.000244
[16085]	11062.000000
[11164]	11184.000000
[11203]	11309.999634
[11337]	11518.000000
[12026]	11540.000000
[13943]	11734.000000
[15070]	11751.000366
[15513]	11935.000000
[14918]	11976.000000
[13433]	12058.999634
[12280]	12118.000488
[15027]	12603.000000
[11488]	12675.000000
[13795]	12700.000488
[11982]	12991.999512
[15566]	13195.000000
[16263]	13810.999512
[10469]	13888.000488
[12003]	14005.999512
[12441]	14104.000244
[15567]	14373.000000
[14711]	14666.999268
[13029]	14910.999512
[13277]	15017.999268
[15023]	15091.000000
[10716]	15164.000000
[15718]	15229.000000
[14698]	15295.999756
[10551]	15356.999817
[16232]	15883.999512
[10846]	16261.000000
[11413]	16462.999512
[12884]	16507.999512
[11648]	16685.000000
[15380]	16701.000000
[13218]	16741.999512
[14098]	16842.000366
[13476]	17381.000366
[11928]	17421.000000
[12990]	17855.000488
[10685]	17887.999512
[10732]	18256.000610
[14153]	18446.000977
[11641]	18491.000000
[11953]	18769.999268
[13360]	19024.000244
[11612]	19171.999634
[11146]	19273.000000
[15323]	19455.000000
[12520]	19515.000000
[10575]	19716.000000
[12951]	19920.999756
[14681]	20056.999512
[10434]	20337.000732
[11921]	20556.000000
[10638]	20648.999390
[13694]	20709.000000
[13269]	20785.000488
[15402]	20913.000000
[12206]	20959.000000
[10581]	22034.999268
[12523]	22323.000122
[15356]	22806.999512
[15084]	23391.000000
[10208]	23740.000000
[14457]	23821.999512
[15595]	24325.000488
[13952]	24379.000488
[14814]	24518.999268
[10521]	24596.000488
[14824]	24668.000488
[10627]	24673.000000
[10408]	24737.999268
[11868]	24753.000000
[12051]	24903.000000
[11252]	24913.000488
[10696]	25391.000977
[10135]	25872.000000
[13422]	25911.000732
[13243]	25977.999023
[14108]	26025.000244
[15455]	26147.999268
[16149]	26152.999878
[11973]	26197.000549
[11290]	26351.000000
[11915]	26418.999023
[10911]	26975.000977
[11624]	27293.999634
[14489]	27616.000000
[12073]	27751.000000
[11977]	28036.999512
[11140]	28141.000488
[13256]	28539.999756
[10990]	29358.999023
[10279]	29479.001221
[13486]	29959.001465
[14252]	30186.000000
[14574]	30226.000000
[10666]	30238.000854
[14689]	30329.000000
[11823]	30639.999023
[14696]	31585.998535
[13367]	31699.000000
[15058]	32136.000000
[14012]	32642.999512
[11637]	33526.999878
[10357]	33596.000977
[11721]	33636.999512
[14955]	33852.000000
[10781]	33876.000000
[14210]	34431.000000
[10620]	34659.000000
[12991]	34846.999512
[13264]	35018.999512
[15249]	35142.001343
[12693]	35187.000000
[16042]	35483.000977
[12323]	35888.000977
[10752]	35903.999268
[13560]	37039.000000
[11630]	38343.999939
[13408]	38896.000000
[11481]	38909.999023
[10849]	39166.000000
[15624]	40078.000488
[10517]	40895.000244
[13158]	41129.000000
[16215]	41154.999023
[12896]	41339.999146
[10158]	41602.000732
[11603]	42476.998901
[12699]	42626.999023
[10980]	43134.000000
[12010]	43318.000488
[10431]	43671.998779
[10877]	44406.000000
[15013]	44756.000488
[14783]	44952.998047
[12448]	44963.000977
[15024]	45090.999023
[14986]	45179.001465
[11775]	45685.000000
[10415]	45726.999023
[14082]	46117.001465
[12391]	46279.001465
[13514]	47409.000488
[12217]	48034.000244
[11003]	48483.001465
[11444]	49125.999023
[10868]	49127.999878
[14717]	49429.000000
[13605]	49588.000488
[11118]	50493.002441
[10411]	51306.999023
[10244]	51550.001953
[12169]	53371.000000
[10466]	53969.000061
[13230]	54816.999512
[10874]	54942.002441
[12402]	55243.999023
[15258]	55983.000000
[10785]	56178.000000
[11109]	57222.002197
[14838]	59646.000000
[14312]	60223.000000
[12945]	63046.997559
[12197]	63183.999023
[15919]	63380.001465
[11638]	65691.000000
[14677]	66674.000000
[14193]	68417.000244
[12278]	68714.997559
[13577]	69394.000000
[12651]	71216.997070
[14739]	75123.999023
[14262]	76535.998291
[14293]	76561.000977
[12986]	76741.998047
[11369]	77728.999023
[14112]	78232.000488
[16321]	78802.000977
[12395]	79390.001953
[13180]	79746.998535
[11625]	79979.000000
[14685]	83720.003174
[13165]	84298.997070
[10711]	86305.000000
[14321]	86647.001221
[11995]	86738.002197
[12992]	86846.998535
[13485]	88455.999023
[15092]	88494.998047
[13296]	89281.997314
[12966]	90540.000000
[15412]	90738.001465
[11267]	91213.998779
[11651]	91276.003418
[13518]	91389.001465
[15096]	91614.003906
[11996]	92438.997803
[13156]	92663.000000
[14832]	99174.996094
[14761]	103894.000977
[14576]	104876.996826
[11423]	106290.002930
[11455]	106479.996094
[11435]	109303.000000
[12016]	109325.000000
[12982]	113994.003906
[11986]	114065.000000
[14286]	114422.999023
[16257]	114497.995117
[10257]	117493.000488
[11988]	118120.996094
[10599]	118311.996094
[15370]	121572.999023
[15306]	121794.003906
[11540]	123072.998047
[12758]	126070.998047
[11884]	130162.000977
[12954]	131285.998535
[11874]	134142.997559
[14309]	136162.998047
[13931]	136494.995850
[10713]	139503.998047
[10994]	144370.000488
[15376]	145606.001953
[14570]	147085.004883
[12143]	148300.998047
[14066]	154821.000000
[16217]	155694.996094
[14730]	156176.001953
[14307]	156375.997070
[14524]	159831.005859
[13851]	162348.006836
[10299]	165985.997803
[13244]	186565.005005
[13871]	187539.004639
[10800]	192274.999512
[13891]	195148.994141
[16229]	198572.994141
[10792]	203127.993164
[14027]	206874.011230
[10292]	213425.993652
[10140]	217057.994385
[12451]	218621.002930
[12277]	219113.007813
[10529]	262557.999023
[10920]	262845.996094
[13830]	268088.999023
[11032]	269749.000000
[14843]	270236.000977
[11760]	273270.996094
[13342]	284721.002930
[14635]	286263.995605
[13744]	294484.996094
[11193]	295890.988770
[13252]	297432.996094
[11066]	316791.010254
[14683]	360621.986328
[14122]	362752.980957
[11042]	363014.015137
[12339]	382364.011230
[14893]	442333.016113
[14908]	458258.007813
[13198]	476875.013672
[14831]	479963.003906
[14492]	484362.995605
[16271]	493524.018066
[13495]	515446.008301
[12191]	532096.991699
[13796]	533772.007324
[10423]	539668.001953
[10693]	598241.991211
[15016]	606169.997559
[12972]	619004.001953
[11259]	679257.017578
[15304]	725038.979492
[14057]	778710.962891
[12173]	792065.015625
[14679]	885805.997070
[14869]	927917.015625
[12264]	940869.009766
[13232]	1005688.042969
[11697]	1009207.018066
[11278]	1022532.000000
[10821]	1060181.021484
[12953]	1246572.990234
[14100]	1246814.003906
[11433]	1461530.959961
[13487]	1512854.946289
[10721]	1553031.026367
[13303]	1553726.953125
[13204]	1571835.952148
[12266]	1656099.067383
[11618]	1675114.952148
[14107]	1742481.051758
[14747]	1766693.936523
[11057]	1768569.072266
[12889]	2034133.992188
[14771]	2217826.988281
[12478]	2445644.037109
[11292]	2526537.041016
[11298]	2679174.918945
[12892]	3347708.929688
[13930]	3404350.906250
[10397]	4403679.843750
