[10033]	0.000000
[10171]	0.000000
[10209]	0.000000
[10298]	0.000000
[10386]	0.000000
[10480]	0.000000
[10535]	0.000000
[10579]	0.000000
[10585]	0.000000
[10615]	0.000000
[10617]	0.000000
[10817]	0.000000
[10857]	0.000000
[10952]	0.000000
[10968]	0.000000
[10971]	0.000000
[10999]	0.000000
[11058]	0.000000
[11099]	0.000000
[11198]	0.000000
[11204]	0.000000
[11415]	0.000000
[11417]	0.000000
[11430]	0.000000
[11450]	0.000000
[11487]	0.000000
[11522]	0.000000
[11538]	0.000000
[11548]	0.000000
[11799]	0.000000
[11871]	0.000000
[11893]	0.000000
[12018]	0.000000
[12104]	0.000000
[12125]	0.000000
[12132]	0.000000
[12134]	0.000000
[12185]	0.000000
[12252]	0.000000
[12263]	0.000000
[12307]	0.000000
[12436]	0.000000
[12598]	0.000000
[12603]	0.000000
[12938]	0.000000
[12956]	0.000000
[12957]	0.000000
[13081]	0.000000
[13113]	0.000000
[13115]	0.000000
[13192]	0.000000
[13246]	0.000000
[13295]	0.000000
[13297]	0.000000
[13359]	0.000000
[13439]	0.000000
[13464]	0.000000
[13501]	0.000000
[13540]	0.000000
[13546]	0.000000
[13574]	0.000000
[13587]	0.000000
[13616]	0.000000
[13629]	0.000000
[13746]	0.000000
[13757]	0.000000
[13771]	0.000000
[13788]	0.000000
[13856]	0.000000
[13890]	0.000000
[13954]	0.000000
[13958]	0.000000
[14004]	0.000000
[14013]	0.000000
[14054]	0.000000
[14071]	0.000000
[14115]	0.000000
[14167]	0.000000
[14196]	0.000000
[14206]	0.000000
[14424]	0.000000
[14467]	0.000000
[14533]	0.000000
[14553]	0.000000
[14561]	0.000000
[14623]	0.000000
[14807]	0.000000
[14853]	0.000000
[14871]	0.000000
[14886]	0.000000
[14991]	0.000000
[15043]	0.000000
[15045]	0.000000
[15053]	0.000000
[15129]	0.000000
[15256]	0.000000
[15343]	0.000000
[15363]	0.000000
[15446]	0.000000
[15447]	0.000000
[15458]	0.000000
[15511]	0.000000
[15534]	0.000000
[15601]	0.000000
[15603]	0.000000
[15610]	0.000000
[15774]	0.000000
[15825]	0.000000
[15842]	0.000000
[15885]	0.000000
[15906]	0.000000
[15973]	0.000000
[16128]	0.000000
[16282]	0.000000
[16310]	0.000000
[16334]	0.000000
[16560]	0.000000
[16668]	0.000000
[10900]	1.000000
[11000]	1.000000
[11230]	1.000000
[11655]	1.000000
[11714]	1.000000
[11936]	1.000000
[12287]	1.000000
[12705]	1.000000
[12771]	1.000000
[12785]	1.000000
[12857]	1.000000
[13145]	1.000000
[13564]	1.000000
[13693]	1.000000
[14046]	1.000000
[14268]	1.000000
[14472]	1.000000
[15754]	1.000000
[16479]	1.000000
[14493]	1.000000
[15018]	1.000000
[10325]	2.000000
[10670]	2.000000
[10938]	2.000000
[11041]	2.000000
[11295]	2.000000
[11510]	2.000000
[12474]	2.000000
[12661]	2.000000
[12773]	2.000000
[12869]	2.000000
[12870]	2.000000
[13599]	2.000000
[14229]	2.000000
[15091]	2.000000
[15448]	2.000000
[15793]	2.000000
[16061]	2.000000
[16443]	2.000000
[16498]	2.000000
[16525]	2.000000
[10778]	3.000000
[11036]	3.000000
[11493]	3.000000
[11619]	3.000000
[12064]	3.000000
[12222]	3.000000
[12587]	3.000000
[13152]	3.000000
[13984]	3.000000
[14577]	3.000000
[14721]	3.000000
[15276]	3.000000
[16016]	3.000000
[16361]	3.000000
[16524]	3.000000
[16745]	3.000000
[14397]	3.000000
[10015]	4.000000
[11392]	4.000000
[11512]	4.000000
[11628]	4.000000
[11646]	4.000000
[11945]	4.000000
[12743]	4.000000
[12854]	4.000000
[13676]	4.000000
[14091]	4.000000
[14778]	4.000000
[14803]	4.000000
[15030]	4.000000
[15250]	4.000000
[16750]	4.000000
[11086]	5.000000
[11924]	5.000000
[10815]	5.000000
[10945]	5.000000
[11215]	5.000000
[11367]	5.000000
[11434]	5.000000
[12633]	5.000000
[13987]	5.000000
[15504]	5.000000
[15934]	5.000000
[10549]	6.000000
[11376]	6.000000
[11700]	6.000000
[11720]	6.000000
[11742]	6.000000
[13672]	6.000000
[14182]	6.000000
[14712]	6.000000
[16548]	6.000000
[16166]	7.000000
[11241]	7.000000
[11245]	7.000000
[11545]	7.000000
[12150]	7.000000
[16540]	7.000000
[11348]	8.000000
[11790]	8.000000
[12294]	8.000000
[12320]	8.000000
[12720]	8.000000
[12987]	8.000000
[13731]	8.000000
[14530]	8.000000
[14863]	8.000000
[15260]	8.000000
[15385]	8.000000
[13898]	8.000000
[10519]	9.000000
[11050]	9.000000
[11728]	9.000000
[13016]	9.000000
[13111]	9.000000
[14855]	9.000000
[15160]	9.000000
[10409]	10.000000
[15853]	10.000000
[10198]	10.000000
[10243]	10.000000
[11431]	10.000000
[11511]	10.000000
[11627]	10.000000
[11827]	10.000000
[14987]	10.000000
[15278]	10.000000
[11484]	12.000000
[12141]	12.000000
[13415]	12.000000
[12638]	13.000000
[14320]	13.000000
[13381]	13.000000
[10324]	14.000000
[12635]	14.000000
[15325]	14.000000
[13704]	15.000000
[15604]	15.000000
[15881]	15.000000
[10237]	16.000000
[12315]	16.000000
[12900]	16.000000
[12370]	18.000000
[12653]	18.000000
[12663]	19.000000
[12866]	19.000000
[13715]	19.000000
[10327]	19.000000
[11053]	20.000000
[14119]	20.000000
[12621]	22.000000
[14897]	22.000000
[13667]	22.000000
[13094]	23.000000
[14050]	23.000000
[10961]	24.000000
[11317]	24.000000
[13535]	24.000000
[15061]	24.000000
[10042]	25.000000
[10982]	25.000000
[12253]	26.000000
[15011]	26.000000
[12574]	27.000000
[13504]	30.000000
[14120]	30.000000
[11756]	31.000000
[12815]	31.000000
[16719]	31.000000
[14273]	32.000000
[11028]	35.000000
[12784]	35.999999
[14816]	35.999999
[10996]	37.000000
[10783]	38.000000
[11399]	38.000000
[14880]	38.000001
[12324]	39.000000
[14062]	39.000000
[15231]	41.000000
[15236]	41.999998
[12748]	42.000000
[15012]	42.000000
[12737]	43.000000
[15725]	44.000000
[12641]	44.000001
[13826]	45.000000
[11463]	47.000000
[15293]	48.000002
[14282]	49.000000
[12348]	49.999998
[14559]	53.000000
[15211]	53.000000
[12755]	54.000000
[12868]	54.000000
[10313]	54.000001
[12671]	55.000002
[11453]	57.000000
[15171]	59.000000
[12087]	64.000002
[12676]	67.999998
[13934]	70.000000
[11007]	71.000000
[14535]	72.000000
[13936]	73.000000
[16390]	74.000000
[12235]	75.000000
[11421]	81.000000
[12772]	81.000000
[12652]	82.000000
[11781]	83.000000
[11859]	84.000000
[14218]	84.000000
[11952]	90.000000
[13785]	91.999998
[11411]	92.000000
[12193]	94.000000
[12055]	99.000003
[15245]	99.999996
[13806]	100.000000
[13863]	101.000000
[11479]	103.000000
[11253]	104.000000
[15709]	105.000000
[15406]	107.000000
[12841]	109.000000
[13203]	109.000000
[15741]	110.999997
[10349]	111.999996
[14474]	111.999996
[12228]	113.000000
[13966]	119.000000
[10204]	120.000000
[13947]	120.000000
[13682]	121.000000
[15085]	122.999998
[13418]	123.000000
[13579]	123.999996
[10184]	125.000004
[16567]	129.000000
[13467]	130.000000
[11495]	132.000000
[12681]	132.000000
[14919]	133.000000
[11997]	135.999996
[15618]	135.999996
[11684]	137.000000
[11789]	137.000000
[13196]	138.000000
[11879]	139.000000
[14488]	141.000000
[15794]	144.999996
[10884]	151.000000
[10562]	153.000000
[12615]	155.000000
[14125]	155.000004
[12798]	156.000000
[10329]	156.000006
[11764]	157.000002
[10216]	159.000000
[10165]	160.000000
[12902]	163.000000
[13809]	163.000000
[15282]	163.999992
[10221]	164.000000
[15598]	165.000000
[13710]	165.999999
[13618]	167.000004
[11216]	168.000000
[15497]	168.000000
[13072]	169.000000
[15581]	170.000000
[12822]	170.000004
[16252]	174.000000
[11283]	178.000000
[12494]	183.000000
[13200]	186.000000
[10654]	186.999996
[10775]	186.999996
[10396]	195.000000
[15887]	196.000000
[15153]	198.000000
[12721]	199.000000
[14627]	199.000010
[10181]	203.000000
[12174]	203.000000
[14797]	203.000000
[12610]	205.000000
[12245]	208.000000
[11941]	211.999998
[11233]	212.000000
[14130]	213.000002
[16091]	213.000003
[15721]	217.999992
[12704]	220.000000
[13654]	220.000000
[13768]	220.999998
[15798]	220.999998
[10674]	221.000000
[10139]	224.000000
[11535]	226.000000
[14804]	230.000000
[16322]	231.000000
[10322]	232.000000
[12214]	232.000008
[12239]	233.000000
[15124]	235.000000
[10148]	241.000000
[12649]	241.000008
[10241]	243.000008
[12321]	251.000004
[14856]	251.000004
[11225]	255.000000
[11615]	257.000000
[14895]	260.999992
[12268]	262.999992
[10247]	265.999992
[11908]	267.000000
[14805]	267.999992
[14088]	268.000008
[11063]	271.000000
[11214]	271.000000
[12719]	271.000004
[10478]	271.999992
[14738]	272.000000
[11085]	273.000000
[11711]	273.000000
[12844]	273.000000
[13348]	274.000000
[13369]	276.999990
[11492]	277.000000
[10503]	280.000000
[10933]	285.000000
[13862]	286.000000
[12684]	287.000000
[12965]	292.000000
[11441]	293.000000
[14875]	297.000000
[10405]	300.000000
[15115]	304.000000
[12149]	304.000008
[11834]	307.000000
[15147]	308.000000
[11227]	310.000000
[12878]	310.000000
[13182]	313.000000
[10416]	316.000004
[13767]	317.000002
[10225]	317.999989
[10444]	321.000000
[10589]	328.000000
[12559]	328.000008
[15862]	329.000015
[13520]	330.000000
[12831]	330.000011
[12769]	331.000008
[11123]	333.000000
[15257]	333.000000
[16647]	333.000000
[14942]	334.999992
[12851]	335.999994
[14943]	341.000000
[13770]	343.000008
[11845]	347.000015
[14065]	348.000000
[11588]	351.000000
[12708]	352.000008
[12899]	352.000008
[15167]	352.999989
[15049]	353.000000
[10630]	354.000000
[14234]	354.000019
[10557]	362.000000
[13032]	364.000008
[14306]	364.000008
[12455]	365.000000
[13894]	372.000006
[12412]	381.000000
[14030]	381.000000
[14534]	382.000000
[14288]	383.000000
[10414]	392.000000
[10640]	393.000000
[11092]	394.000000
[13490]	409.000000
[12779]	410.000015
[14539]	411.000000
[14237]	414.000000
[15483]	414.000000
[14648]	415.000000
[13109]	416.000000
[13176]	416.000000
[16078]	419.000015
[14102]	420.999985
[12175]	421.000000
[11197]	425.000000
[11447]	425.000000
[16233]	425.000000
[13619]	426.000000
[15569]	427.000000
[10338]	430.000000
[12845]	430.000000
[10967]	433.000000
[15991]	435.000000
[10272]	436.000000
[10925]	440.000000
[10558]	443.000000
[12171]	446.000000
[13461]	450.000000
[12709]	450.999985
[11833]	452.000000
[15246]	452.000015
[14131]	453.000008
[13434]	455.000010
[14275]	456.000000
[15582]	457.000000
[15051]	460.000000
[13942]	461.999989
[15861]	462.000008
[12375]	467.000000
[10819]	471.000000
[11762]	475.000000
[10917]	484.999992
[12195]	488.000015
[14718]	488.999977
[15785]	514.000000
[14081]	515.000000
[16268]	520.000000
[13484]	522.000000
[13398]	524.000000
[12853]	528.000000
[10683]	537.000000
[15381]	537.000000
[11468]	539.000000
[14877]	544.000000
[11931]	546.000000
[10194]	553.000000
[11725]	560.000000
[12855]	560.000015
[15994]	564.000000
[12363]	567.000000
[12343]	569.000000
[14802]	572.000000
[15138]	583.000000
[15210]	586.000000
[12876]	599.000000
[15127]	605.000000
[10950]	606.000000
[13162]	613.000000
[13211]	613.000000
[10930]	625.000000
[10744]	627.999985
[15130]	632.000000
[13121]	633.000000
[12920]	634.000000
[14745]	640.000000
[14458]	644.000000
[15554]	645.000000
[12728]	651.000000
[15454]	674.000000
[11288]	691.000000
[11372]	699.000000
[15174]	728.000000
[11550]	737.000027
[13964]	738.000000
[10333]	750.999985
[15628]	754.000000
[13194]	765.000000
[14733]	770.000000
[15841]	783.000000
[10245]	792.000000
[10540]	797.000004
[15579]	798.000000
[11719]	806.000000
[11180]	810.000000
[13388]	810.000000
[14231]	826.000000
[12012]	829.000000
[10647]	832.999969
[13002]	838.000008
[11730]	841.000000
[12932]	865.999969
[10482]	867.000000
[10910]	868.000000
[11844]	872.000008
[11563]	876.000023
[11726]	877.000000
[12255]	889.000000
[14722]	890.000000
[12335]	895.000000
[14692]	895.000000
[14451]	896.000000
[15374]	897.000000
[14186]	898.000000
[14485]	903.999977
[13541]	920.000015
[15632]	952.000000
[12807]	955.999977
[14496]	961.000000
[13282]	971.000000
[10926]	973.000031
[13024]	1002.000000
[10613]	1039.000000
[13543]	1048.000031
[10304]	1052.000034
[10739]	1103.000000
[11160]	1108.000000
[12519]	1108.000000
[15855]	1120.000000
[13799]	1150.000000
[15125]	1167.000000
[12250]	1175.999985
[14543]	1184.000000
[13068]	1185.000000
[14256]	1185.000000
[13625]	1200.000000
[15317]	1209.000000
[10621]	1217.999985
[13900]	1227.000000
[10918]	1229.000000
[15237]	1229.000000
[11525]	1251.000000
[12129]	1254.000000
[13344]	1254.000000
[15584]	1273.000000
[10448]	1279.000000
[13829]	1291.000031
[14109]	1306.000031
[14150]	1306.000031
[12177]	1309.000000
[11315]	1326.000000
[14470]	1330.000000
[15113]	1347.000000
[10954]	1389.000000
[11587]	1423.000031
[10545]	1434.000000
[12365]	1434.000000
[16476]	1438.000000
[15008]	1463.000000
[10361]	1470.000000
[11013]	1521.000000
[13692]	1523.000000
[14819]	1560.000000
[14582]	1575.999939
[13983]	1578.000000
[11907]	1588.000000
[11301]	1604.000000
[12888]	1606.999969
[15478]	1629.000000
[14520]	1632.000000
[11336]	1657.000023
[12094]	1685.000000
[11445]	1688.000000
[10929]	1717.000000
[10559]	1729.000061
[12119]	1768.999939
[14006]	1772.000000
[11076]	1806.999939
[14583]	1822.000000
[16306]	1846.000000
[11471]	1851.000000
[10970]	1881.000061
[12115]	1884.000000
[10542]	1896.000000
[10631]	1925.000000
[12969]	1971.000000
[11332]	2000.000061
[14022]	2008.000000
[14259]	2026.000061
[14051]	2031.000000
[14992]	2047.000000
[10779]	2070.000000
[10717]	2097.999939
[11534]	2103.000000
[11905]	2115.000000
[14945]	2117.000000
[13105]	2126.000061
[13241]	2133.000000
[13095]	2159.000000
[14637]	2180.000000
[15566]	2181.000000
[11671]	2191.000000
[12492]	2192.000000
[11097]	2214.000000
[15074]	2217.999939
[10878]	2227.000000
[11867]	2241.000000
[13048]	2266.000000
[15643]	2298.000000
[12511]	2300.000000
[10011]	2306.000000
[10268]	2308.000000
[10141]	2382.000000
[12124]	2385.000000
[13832]	2391.999939
[11865]	2400.000000
[15215]	2402.000061
[10728]	2428.000000
[12244]	2450.000000
[11027]	2468.000031
[11126]	2509.000000
[12164]	2555.000000
[15868]	2576.000000
[11172]	2595.000000
[14905]	2630.000061
[13166]	2756.000000
[14960]	2769.000000
[15401]	2800.000000
[11503]	2804.000000
[12184]	2830.000000
[10154]	2905.999969
[12553]	2914.000000
[14113]	2942.000000
[10568]	2957.000000
[12066]	2976.000000
[16133]	3039.000000
[10731]	3042.000000
[15389]	3064.000000
[13043]	3123.000000
[10146]	3140.000000
[13169]	3161.000000
[14709]	3173.000153
[10754]	3181.999878
[11274]	3202.999878
[15041]	3234.000000
[16173]	3242.000000
[11187]	3243.000000
[11170]	3335.000000
[11654]	3387.000122
[13459]	3400.000000
[16293]	3487.000122
[15607]	3531.000000
[11519]	3556.000000
[13034]	3575.000000
[11082]	3577.000000
[11699]	3582.000000
[11150]	3610.000000
[13289]	3617.999878
[12007]	3656.000000
[13502]	3709.000000
[15411]	3725.000000
[15022]	3742.000122
[15048]	3817.000000
[14487]	3857.000000
[10275]	3872.000000
[14588]	3922.000000
[11070]	3926.000000
[14278]	3962.999878
[11308]	4036.999878
[10280]	4207.000000
[10758]	4300.000000
[14645]	4314.000000
[15626]	4337.999878
[14222]	4338.000000
[13532]	4349.000000
[12891]	4356.000000
[14828]	4420.999878
[13933]	4443.000000
[12627]	4452.000000
[13873]	4508.999863
[14704]	4541.000000
[12915]	4692.000000
[10608]	4695.000000
[11950]	4701.000000
[13306]	4739.000000
[11470]	4756.000122
[14879]	4927.000122
[10150]	4942.000000
[14092]	4961.000000
[16115]	4984.999878
[16304]	4996.000061
[10287]	5001.000000
[14849]	5010.000000
[11731]	5121.000000
[11980]	5136.000000
[11075]	5144.000000
[14299]	5164.000000
[10577]	5174.000000
[13290]	5227.999878
[14842]	5287.999878
[13970]	5293.000061
[11695]	5301.000000
[10155]	5355.999756
[11928]	5488.000000
[10872]	5527.000122
[10676]	5680.000122
[12849]	5693.000000
[16101]	5715.000000
[16163]	5745.000000
[10486]	5773.000000
[10210]	5777.000122
[12389]	5783.000000
[16218]	5796.000000
[10658]	5873.000000
[10170]	5885.999817
[15627]	5910.000000
[10661]	5919.000000
[12180]	6130.000000
[14674]	6142.000000
[14303]	6237.000000
[10162]	6246.000000
[16242]	6246.999756
[12472]	6260.000244
[11111]	6344.000000
[13602]	6481.000000
[13139]	6499.000000
[12917]	6514.000244
[13076]	6519.999756
[14314]	6535.999756
[10157]	6572.000122
[11555]	6573.000000
[11869]	6675.000000
[11577]	6752.999878
[13347]	6878.000244
[11488]	6987.000000
[15295]	6991.999817
[14716]	7085.000000
[10136]	7086.999756
[11778]	7169.000000
[13127]	7185.999756
[14512]	7301.999817
[11052]	7375.000000
[14794]	7432.999878
[11793]	7546.000000
[10372]	7580.000244
[11122]	7592.999756
[14952]	7627.000122
[12819]	7636.000000
[12223]	7668.999756
[13061]	7761.000183
[12441]	7973.000244
[11049]	8023.999817
[11067]	8137.000000
[12101]	8202.999756
[12156]	8253.000000
[12397]	8398.000000
[16477]	8444.000000
[15192]	8742.000122
[10590]	8803.000290
[13377]	8861.000244
[14207]	8905.999756
[14633]	8937.999756
[14254]	9005.000000
[11888]	9032.000000
[10561]	9068.000000
[14924]	9147.000000
[12026]	9149.000244
[11617]	9298.000000
[12265]	9327.999878
[11337]	9337.999878
[13594]	9352.999878
[14025]	9355.000000
[10747]	9394.000244
[11203]	9456.000244
[11185]	9715.000000
[14228]	9877.000000
[16085]	9894.999756
[10312]	10055.000122
[12544]	10185.999756
[11898]	10233.999756
[11244]	10282.000244
[13184]	10291.000000
[10185]	10299.000244
[11537]	10343.000488
[13370]	10484.000244
[14918]	10737.000000
[13943]	10914.000000
[12898]	10999.000000
[15070]	11136.000122
[12280]	11255.000244
[11164]	11415.000000
[13433]	11847.999878
[15718]	11920.000000
[15513]	11940.000000
[16263]	12050.000000
[10469]	12480.000244
[11982]	12648.000488
[12003]	12975.999634
[14711]	12997.999878
[10551]	13464.000000
[13795]	13584.000000
[14698]	13586.999512
[15380]	13813.000488
[11648]	14008.000000
[13029]	14128.000122
[15567]	14238.000000
[15023]	14319.000000
[10716]	14365.999512
[13277]	14445.000732
[10685]	14704.000488
[11413]	14884.000244
[15027]	15007.000000
[10581]	15584.000244
[12884]	15705.000000
[13218]	15887.000732
[13476]	16184.000000
[16232]	16440.999390
[14098]	16959.000244
[15323]	17259.000732
[12520]	17362.000000
[11612]	17458.999756
[11921]	17478.000000
[11146]	17752.000610
[12951]	18164.000244
[13360]	18686.999512
[10696]	19039.000488
[10434]	19303.000488
[14457]	19383.999756
[11641]	19390.000000
[15402]	19393.000488
[15595]	19420.999756
[11953]	19532.000000
[10517]	19615.999512
[13694]	20316.999268
[10732]	20903.999023
[10846]	20925.000000
[12523]	21477.000488
[14681]	21577.999512
[10408]	21991.999512
[13952]	22411.000000
[10638]	22500.000000
[10208]	22868.000244
[12206]	23080.000610
[10575]	23347.999512
[11977]	23381.000000
[13243]	23494.999512
[14814]	23668.000000
[12073]	23698.999512
[10521]	23778.000000
[10911]	24001.000488
[10627]	24202.999756
[10135]	24240.999023
[11973]	24253.000488
[14153]	24887.999268
[16149]	24946.000000
[12991]	25195.000000
[12051]	25344.000000
[15455]	25494.999756
[13422]	25586.000977
[14108]	25993.000488
[11252]	26203.999023
[14489]	26430.000000
[15356]	26570.000366
[14574]	26727.999512
[11290]	26778.000488
[14696]	26803.999512
[13486]	27196.999512
[11915]	27330.000000
[15058]	27453.000488
[13269]	27456.000000
[10990]	27698.001221
[13256]	27872.000977
[11140]	27937.999512
[14824]	28273.000000
[10279]	28565.999023
[13367]	28751.000977
[11823]	28816.000977
[12990]	29402.999268
[14689]	29451.000000
[11624]	29663.000977
[14252]	30129.999390
[10752]	30223.000488
[15084]	30261.000732
[11637]	30978.999146
[11481]	31416.000732
[10849]	31450.000000
[13264]	31695.000000
[15249]	31776.998291
[11721]	31879.998779
[11868]	32324.000244
[10620]	32610.000000
[11444]	32610.999023
[10666]	32982.000000
[10781]	33041.999268
[10357]	33182.000000
[15624]	34329.001465
[13560]	34389.000000
[10877]	34541.000000
[12693]	34680.000000
[16215]	35023.999023
[12323]	35258.001709
[14210]	35267.999512
[10431]	36206.999512
[14955]	36361.000977
[11630]	37975.998901
[14012]	38582.000977
[10980]	39012.999512
[12699]	39303.000488
[14783]	39433.999023
[12896]	40018.000916
[13408]	40169.000977
[13158]	40424.998535
[11118]	40562.999512
[16042]	40640.000000
[12448]	41425.000000
[11603]	41715.999512
[11651]	42360.000000
[11775]	42489.000244
[10158]	43098.998291
[12217]	43607.000488
[10785]	44753.998535
[14986]	45373.000488
[13514]	45696.998291
[10868]	45885.999023
[15013]	46278.999023
[14082]	47537.001465
[14717]	47636.000977
[10244]	47724.000000
[11003]	48093.000000
[12010]	49442.997803
[13577]	50504.000244
[12402]	51102.001953
[10415]	51252.000000
[13230]	51341.000977
[10466]	52151.001709
[15024]	52496.000000
[12945]	53416.998291
[12391]	53590.998535
[10411]	53987.999023
[15919]	57432.999023
[15258]	57495.000000
[13165]	60351.998535
[11109]	60761.997803
[10874]	61138.000488
[11638]	61449.999023
[12395]	61691.998535
[12197]	62569.000244
[14193]	62791.998291
[12651]	64660.997070
[12169]	64735.000488
[16321]	65947.998047
[12278]	66818.002075
[14838]	67350.999023
[14321]	67771.999512
[14677]	68786.000000
[11625]	71364.001953
[14112]	71773.003418
[11995]	73653.996582
[12986]	74287.998047
[13605]	74455.000732
[13156]	74699.002930
[15092]	76100.999023
[13485]	76365.001221
[15412]	76763.001953
[14739]	76967.000000
[13518]	79190.001953
[13296]	79983.001465
[12992]	80271.001465
[14312]	81935.001709
[11369]	82505.996094
[10711]	83983.000488
[15096]	84211.999512
[11435]	85704.002441
[11267]	85888.998901
[11996]	86346.000000
[14293]	88643.999268
[14685]	89796.996094
[12966]	89860.996094
[13180]	93656.995605
[14576]	98066.003662
[11423]	100378.997803
[14262]	100852.001465
[14761]	101658.999512
[14309]	105528.003906
[14832]	105829.003906
[16257]	107572.003906
[12982]	108372.999023
[11988]	108392.997070
[11986]	108965.999756
[15370]	113999.997070
[10257]	114088.998779
[12016]	114254.994141
[10599]	114280.001221
[11540]	120903.002441
[12758]	122045.000000
[14066]	122720.998535
[14286]	123149.997070
[15306]	123567.996094
[12954]	125976.004883
[11884]	127906.998291
[11455]	129666.996094
[12143]	130308.002930
[14570]	131476.996460
[13931]	133863.999023
[10713]	136234.002686
[14730]	136542.994629
[16217]	142107.997070
[15376]	142852.993652
[11874]	143228.000000
[14524]	149701.000977
[13851]	150390.998047
[14307]	152897.001953
[10994]	155362.993652
[10299]	163458.996582
[10292]	167801.000977
[13244]	172738.004272
[13871]	174785.994629
[10792]	179931.000000
[13891]	186223.992432
[16229]	190481.008301
[10800]	190587.002197
[10140]	194916.008789
[11760]	205457.989258
[12277]	206406.992188
[10920]	215537.997070
[12451]	235655.005371
[13744]	251811.010742
[10529]	260762.992188
[13830]	262301.998047
[14027]	263122.005859
[13342]	266551.990723
[11193]	274501.992188
[11066]	307361.003906
[11032]	315911.992188
[13252]	320628.998047
[14843]	322468.002930
[11042]	327643.989258
[14122]	340231.992188
[12339]	341237.000000
[14635]	357539.991699
[14683]	360889.007080
[14893]	417309.990234
[14908]	439402.983398
[13198]	455519.009766
[16271]	457966.987305
[14492]	466123.994629
[14831]	475517.010254
[13495]	484880.983398
[13796]	509535.000000
[10423]	523777.978516
[10693]	551025.977051
[12191]	554912.000488
[12972]	560485.009766
[15016]	581791.023926
[11259]	645730.004883
[14057]	740765.005859
[12173]	748134.023438
[15304]	772304.004395
[12264]	843673.974609
[14679]	847861.980469
[14869]	860040.984375
[13232]	894395.995605
[11278]	959515.001953
[10821]	1052906.048828
[14100]	1124441.978516
[12953]	1231356.953125
[11697]	1237548.002930
[11433]	1350595.019531
[13487]	1362771.049805
[10721]	1427532.028320
[12266]	1600458.937500
[13303]	1650607.993652
[11618]	1654569.990234
[13204]	1662726.937500
[14747]	1688797.016602
[11057]	1704101.927734
[14107]	1724513.037109
[12889]	1842183.949219
[14771]	2062346.062500
[12478]	2209041.015625
[11292]	2273196.972656
[11298]	2465087.950195
[13930]	3038395.906250
[12892]	3166828.947266
[10397]	4179462.837891
