[10033]	0.000000
[10122]	0.000000
[10171]	0.000000
[10175]	0.000000
[10194]	0.000000
[10209]	0.000000
[10278]	0.000000
[10327]	0.000000
[10380]	0.000000
[10386]	0.000000
[10480]	0.000000
[10535]	0.000000
[10617]	0.000000
[10817]	0.000000
[10879]	0.000000
[10938]	0.000000
[10952]	0.000000
[10971]	0.000000
[11025]	0.000000
[11041]	0.000000
[11050]	0.000000
[11198]	0.000000
[11204]	0.000000
[11230]	0.000000
[11282]	0.000000
[11351]	0.000000
[11375]	0.000000
[11376]	0.000000
[11410]	0.000000
[11415]	0.000000
[11487]	0.000000
[11522]	0.000000
[11548]	0.000000
[11564]	0.000000
[11784]	0.000000
[11871]	0.000000
[11938]	0.000000
[11954]	0.000000
[12018]	0.000000
[12054]	0.000000
[12067]	0.000000
[12125]	0.000000
[12132]	0.000000
[12134]	0.000000
[12155]	0.000000
[12252]	0.000000
[12263]	0.000000
[12320]	0.000000
[12324]	0.000000
[12436]	0.000000
[12583]	0.000000
[12598]	0.000000
[12785]	0.000000
[12854]	0.000000
[12938]	0.000000
[12956]	0.000000
[12957]	0.000000
[13081]	0.000000
[13113]	0.000000
[13115]	0.000000
[13246]	0.000000
[13295]	0.000000
[13297]	0.000000
[13304]	0.000000
[13540]	0.000000
[13546]	0.000000
[13574]	0.000000
[13587]	0.000000
[13629]	0.000000
[13667]	0.000000
[13680]	0.000000
[13757]	0.000000
[13785]	0.000000
[13788]	0.000000
[13794]	0.000000
[13854]	0.000000
[13856]	0.000000
[13868]	0.000000
[13890]	0.000000
[13936]	0.000000
[13947]	0.000000
[13954]	0.000000
[14004]	0.000000
[14009]	0.000000
[14013]	0.000000
[14046]	0.000000
[14115]	0.000000
[14167]	0.000000
[14196]	0.000000
[14467]	0.000000
[14533]	0.000000
[14553]	0.000000
[14561]	0.000000
[14601]	0.000000
[14656]	0.000000
[14691]	0.000000
[14713]	0.000000
[14736]	0.000000
[14750]	0.000000
[14792]	0.000000
[14807]	0.000000
[14853]	0.000000
[14871]	0.000000
[14886]	0.000000
[14898]	0.000000
[14991]	0.000000
[15018]	0.000000
[15045]	0.000000
[15053]	0.000000
[15129]	0.000000
[15163]	0.000000
[15256]	0.000000
[15343]	0.000000
[15351]	0.000000
[15358]	0.000000
[15422]	0.000000
[15447]	0.000000
[15458]	0.000000
[15498]	0.000000
[15601]	0.000000
[15603]	0.000000
[15606]	0.000000
[15649]	0.000000
[15774]	0.000000
[15842]	0.000000
[15885]	0.000000
[15906]	0.000000
[15930]	0.000000
[16016]	0.000000
[16128]	0.000000
[16166]	0.000000
[16286]	0.000000
[16334]	0.000000
[16668]	0.000000
[16679]	0.000000
[16719]	0.000000
[10504]	1.000000
[11367]	1.000000
[11720]	1.000000
[12773]	1.000000
[12782]	1.000000
[12983]	1.000000
[13111]	1.000000
[13505]	1.000000
[14003]	1.000000
[14268]	1.000000
[15003]	1.000000
[15793]	1.000000
[16345]	1.000000
[16442]	1.000000
[10181]	2.000000
[10243]	2.000000
[11036]	2.000000
[11421]	2.000000
[11456]	2.000000
[11619]	2.000000
[12287]	2.000000
[12633]	2.000000
[12661]	2.000000
[12886]	2.000000
[13472]	2.000000
[13655]	2.000000
[14229]	2.000000
[14778]	2.000000
[14863]	2.000000
[15604]	2.000000
[15934]	2.000000
[16340]	2.000000
[10394]	3.000000
[11241]	3.000000
[11392]	3.000000
[11545]	3.000000
[11756]	3.000000
[11899]	3.000000
[12869]	3.000000
[13564]	3.000000
[14320]	3.000000
[14996]	3.000000
[15446]	3.000000
[10128]	4.000000
[10224]	4.000000
[11086]	4.000000
[11245]	4.000000
[11299]	4.000000
[11732]	4.000000
[12070]	4.000000
[13693]	4.000000
[14833]	4.000000
[15250]	4.000000
[15278]	4.000000
[15448]	4.000000
[15881]	4.000000
[16654]	4.000000
[11924]	5.000000
[12635]	5.000000
[10015]	5.000000
[10815]	5.000000
[11493]	5.000000
[11512]	5.000000
[12705]	5.000000
[14493]	5.000000
[14855]	5.000000
[15091]	5.000000
[15385]	5.000000
[15427]	5.000000
[10325]	6.000000
[13625]	6.000000
[13672]	6.000000
[13935]	6.000000
[14987]	6.000000
[15504]	6.000000
[14530]	6.000000
[10790]	7.000000
[11000]	7.000000
[12141]	7.000000
[12222]	7.000000
[12720]	7.000000
[13051]	7.000000
[13501]	7.000000
[16751]	7.000000
[12294]	8.000000
[14477]	8.000000
[14721]	8.000000
[15754]	8.000000
[16083]	8.000000
[10042]	9.000000
[10519]	9.000000
[12638]	9.000000
[12857]	9.000000
[13381]	9.000000
[14897]	9.000000
[15020]	9.000000
[12388]	10.000000
[12315]	11.000000
[13676]	11.000000
[12641]	12.000000
[15853]	12.000000
[13341]	13.000000
[14119]	13.000000
[11628]	13.000000
[11827]	13.000000
[15246]	14.000000
[10730]	14.000000
[11484]	14.000000
[15260]	14.000000
[12370]	15.000000
[13016]	15.000000
[13094]	15.000000
[15570]	15.000000
[13984]	17.000000
[14050]	18.000000
[14273]	18.000000
[13415]	19.000000
[13704]	19.000000
[12784]	19.000000
[11053]	20.000000
[14880]	21.000000
[12653]	22.000000
[12663]	22.000000
[13715]	22.000000
[15236]	22.000000
[11511]	23.000000
[11945]	23.000000
[12574]	23.000000
[12900]	23.000000
[14062]	23.000000
[10996]	24.000000
[11317]	24.000000
[12621]	24.000000
[12737]	24.999999
[10237]	25.000000
[12866]	27.000000
[15231]	27.000000
[15481]	27.000000
[15160]	27.999999
[14712]	29.000001
[13535]	31.000000
[14282]	32.000001
[13618]	34.000000
[15061]	35.000000
[11453]	36.000000
[12815]	36.000000
[10933]	39.000000
[10056]	40.999999
[12348]	42.000000
[11726]	44.000000
[12253]	44.000000
[15618]	45.000000
[12748]	46.000000
[14559]	46.000000
[10313]	49.000000
[11463]	49.000000
[11028]	49.000001
[10961]	51.000000
[14218]	51.000000
[15012]	51.000000
[15293]	52.000002
[12671]	52.999998
[14130]	52.999998
[11007]	53.000000
[12228]	55.000000
[13898]	55.000000
[13826]	56.000000
[11479]	57.000000
[15171]	58.000002
[12772]	62.000000
[13203]	63.000000
[14816]	63.000000
[15725]	63.000000
[15709]	64.000001
[10683]	66.000000
[12676]	68.999999
[10900]	69.000000
[12878]	69.000000
[11859]	70.000000
[12652]	72.000000
[13418]	73.000000
[12494]	73.000002
[12868]	76.999998
[11668]	79.000000
[10783]	84.000000
[16390]	84.000000
[15798]	86.000000
[13863]	87.000000
[12755]	88.999998
[10884]	91.000000
[11411]	91.000000
[11952]	92.000000
[12235]	93.000000
[10204]	94.999998
[13806]	94.999998
[13579]	102.000000
[12087]	105.999996
[13934]	107.000000
[13504]	109.000000
[15085]	114.999995
[11997]	115.000000
[11253]	117.000000
[13592]	117.000000
[11684]	117.999996
[12721]	124.000000
[14535]	126.000000
[15406]	129.000000
[12841]	129.999996
[13461]	131.000001
[13072]	132.000000
[10139]	133.000000
[12902]	135.000000
[12615]	138.000000
[10241]	138.999996
[16261]	139.000000
[11283]	141.000000
[14627]	141.000003
[14488]	142.000000
[10165]	147.000000
[10349]	147.999996
[13467]	149.000000
[12681]	150.000000
[14125]	150.000000
[15245]	150.000000
[15282]	150.999996
[14804]	150.999998
[10184]	151.000004
[11216]	152.000000
[14081]	153.999996
[14797]	155.000000
[15794]	161.000004
[12709]	170.000000
[15177]	170.000000
[10405]	170.000004
[12704]	170.000004
[14054]	170.000004
[14856]	170.000006
[16567]	174.000000
[12133]	175.000000
[11941]	178.000002
[14474]	180.000000
[10221]	181.000000
[11879]	182.000000
[13200]	182.000000
[12174]	186.000000
[14919]	186.000000
[11535]	187.000000
[12610]	187.000000
[15153]	190.000000
[13710]	190.999992
[15887]	193.999992
[12822]	196.000004
[12055]	198.000000
[14895]	199.999998
[15497]	200.000000
[12649]	201.000000
[10396]	201.000004
[10329]	202.000004
[11214]	203.000000
[13434]	205.000008
[13196]	206.000004
[11225]	210.000000
[15721]	210.999996
[11615]	212.000000
[11716]	212.000000
[13369]	212.999994
[13767]	215.000000
[15124]	216.000000
[14805]	221.999994
[14088]	222.000000
[15581]	222.000000
[10775]	224.000000
[10416]	226.000004
[12245]	228.000000
[10338]	231.000000
[12268]	240.000000
[15257]	240.999989
[15167]	241.999996
[10654]	243.999996
[10322]	245.000000
[14288]	246.000000
[12559]	250.000000
[11085]	252.000000
[12855]	252.999996
[11908]	253.000000
[13032]	253.000008
[12375]	256.000000
[11492]	256.000004
[12321]	257.999992
[11227]	262.000000
[15598]	263.000000
[13770]	267.000008
[10557]	268.000000
[16647]	269.000000
[13862]	270.000000
[11764]	273.999990
[11495]	274.000000
[11789]	277.000008
[11845]	277.999992
[12851]	279.000000
[12719]	283.000008
[14942]	283.000008
[12171]	285.000000
[10589]	288.000000
[13942]	288.999992
[15741]	289.000003
[11441]	295.000000
[12175]	295.000000
[14718]	295.999992
[12708]	297.000000
[13282]	299.000000
[10414]	300.000000
[15049]	300.000000
[12831]	301.000004
[11063]	304.000000
[13348]	307.000008
[13768]	312.000011
[14234]	314.000004
[12844]	317.000000
[15862]	318.000000
[10640]	319.000008
[10247]	320.999985
[16091]	322.000008
[14875]	328.000000
[10819]	330.000000
[12769]	331.999992
[15861]	332.000000
[13490]	341.000000
[16268]	343.000000
[11092]	344.000000
[13182]	349.000000
[12214]	349.000008
[15991]	350.000000
[12920]	351.000000
[14943]	357.000000
[14306]	359.000000
[13109]	361.000000
[12455]	364.000000
[14539]	364.000000
[13121]	366.000000
[10925]	368.000000
[13894]	368.999994
[11588]	378.000000
[16322]	378.000000
[15785]	384.000004
[14738]	384.999985
[11711]	389.000015
[13520]	392.000000
[10967]	396.000000
[15115]	399.000000
[10225]	404.000008
[11123]	405.000000
[12412]	408.000000
[15554]	408.999985
[12853]	413.000000
[14845]	413.000000
[15138]	414.000000
[11197]	422.000000
[15051]	422.000000
[13398]	422.000015
[12195]	424.000015
[14030]	426.000000
[10562]	429.999989
[10272]	431.000000
[13654]	432.000000
[12779]	447.000008
[16233]	448.000000
[11931]	450.999985
[12845]	451.000000
[11233]	453.999985
[10917]	474.000008
[10674]	475.000000
[16078]	484.999992
[13484]	487.000000
[14648]	488.000000
[14534]	491.000000
[12899]	494.000015
[16252]	495.999985
[11762]	505.000000
[10503]	510.000000
[14065]	512.000000
[11719]	513.000000
[11833]	525.000000
[12363]	526.000000
[14237]	531.999985
[14102]	537.000008
[14275]	537.999994
[15381]	548.000000
[13176]	549.000000
[10444]	558.000000
[14745]	571.000000
[15454]	572.000000
[15582]	572.000000
[11447]	575.000000
[12798]	575.000000
[15994]	576.000000
[11725]	579.000000
[10540]	581.000004
[11468]	585.000000
[10744]	591.000000
[15147]	593.000015
[12728]	603.000000
[14131]	615.999985
[14877]	623.000015
[12343]	635.000015
[15130]	636.000000
[10558]	644.000015
[15569]	648.000000
[10950]	651.000000
[11288]	653.000000
[15374]	655.000000
[10647]	656.000000
[15277]	660.000000
[11550]	662.000027
[13162]	664.000000
[13211]	677.000000
[14109]	683.000000
[13194]	695.000000
[14802]	699.000015
[10245]	710.000000
[12876]	715.000000
[15579]	718.000000
[14485]	719.000038
[13964]	726.999969
[13002]	731.000000
[12255]	737.000000
[10333]	743.000015
[13543]	751.000000
[11844]	773.000023
[13541]	780.000015
[10409]	783.000000
[15855]	785.000000
[10930]	791.000000
[10910]	808.000000
[14451]	814.000000
[11730]	820.000000
[14733]	821.000000
[12932]	841.000031
[10613]	842.000000
[15841]	898.000031
[15174]	920.000000
[12519]	945.000000
[11372]	968.000000
[12335]	990.000000
[12807]	1014.000027
[14692]	1029.000000
[13024]	1071.000000
[15628]	1072.000000
[10926]	1075.000031
[15237]	1107.000000
[10304]	1114.999969
[14186]	1122.000000
[12250]	1125.000000
[14231]	1141.999969
[10918]	1153.999969
[15478]	1154.000061
[15483]	1185.000000
[12365]	1192.000000
[14458]	1198.000000
[12129]	1205.000000
[15008]	1210.000000
[11525]	1216.000000
[13829]	1227.000000
[12177]	1238.000000
[10448]	1255.000000
[15632]	1256.000000
[15210]	1276.000000
[10970]	1289.000000
[10739]	1298.000000
[10361]	1309.000000
[10148]	1320.000000
[12239]	1338.000000
[14470]	1343.000000
[13799]	1352.000000
[10545]	1363.000000
[10621]	1365.000031
[14256]	1399.999969
[15125]	1402.000000
[13344]	1416.000000
[12888]	1425.000000
[10559]	1445.999985
[11180]	1451.000000
[11160]	1470.000000
[11315]	1473.000000
[11587]	1480.000031
[14722]	1512.000000
[14543]	1519.999969
[15127]	1547.000000
[14006]	1602.999939
[14150]	1622.000000
[11076]	1646.000000
[11336]	1659.999985
[11471]	1696.000000
[14582]	1706.000061
[10482]	1716.000000
[16476]	1740.000000
[11905]	1775.000000
[10011]	1787.000000
[11013]	1813.000000
[12119]	1814.000061
[14819]	1816.000000
[14520]	1820.000061
[10268]	1856.000000
[11563]	1884.000000
[13105]	1906.999969
[15317]	1922.000000
[15643]	1924.000000
[15584]	1942.000000
[15074]	1986.000000
[14583]	2009.000000
[13692]	2022.000000
[13095]	2057.000000
[13900]	2058.000000
[10631]	2061.000000
[13241]	2076.000000
[11097]	2096.000000
[11027]	2107.000031
[10954]	2142.000000
[13068]	2163.000000
[13983]	2173.000000
[14905]	2205.000000
[10779]	2211.000000
[10728]	2222.000000
[14051]	2228.000000
[12511]	2234.000000
[15113]	2243.000000
[11445]	2246.000015
[10154]	2272.000092
[14496]	2284.000000
[14945]	2320.000000
[10141]	2326.000000
[11332]	2329.000000
[11867]	2329.000000
[12244]	2352.000000
[14120]	2354.000000
[13832]	2415.000000
[12492]	2424.999939
[12553]	2433.000000
[12124]	2444.000000
[12969]	2444.000000
[14022]	2520.000000
[11301]	2523.000000
[14992]	2534.000000
[11150]	2556.000000
[14960]	2574.000000
[13048]	2602.000000
[10280]	2611.000000
[11274]	2630.000000
[11865]	2631.000000
[10929]	2700.000000
[12066]	2702.000000
[10590]	2712.000000
[16133]	2727.000092
[10146]	2773.999939
[10731]	2782.000000
[15868]	2788.000000
[14709]	2803.999969
[10717]	2820.000000
[15215]	2822.000000
[15401]	2846.000000
[11907]	2888.000000
[11170]	2892.000000
[12184]	2893.999908
[12007]	2936.000000
[10542]	2940.000000
[14113]	2968.000000
[12115]	3025.000000
[13166]	3032.000000
[10568]	3082.000000
[11126]	3108.000000
[12164]	3157.000122
[13459]	3229.000122
[15048]	3230.000000
[11534]	3444.000000
[13388]	3508.000000
[15607]	3529.000000
[11172]	3580.000000
[14487]	3581.000092
[13034]	3632.000000
[13169]	3672.000000
[11699]	3682.000000
[16173]	3697.999878
[10577]	3707.000000
[10878]	3708.000000
[14259]	3721.000122
[10754]	3837.000000
[11308]	3847.000000
[16306]	3906.000000
[11187]	3927.999878
[12891]	3932.000000
[14092]	3970.000000
[14588]	3970.000000
[12915]	4021.000000
[11671]	4067.000000
[11928]	4071.000000
[10758]	4079.000000
[10275]	4103.000000
[11695]	4213.000000
[11519]	4228.000000
[15411]	4261.000000
[14704]	4278.000000
[14828]	4294.000122
[10661]	4345.000122
[13933]	4348.000000
[13873]	4381.000122
[11082]	4637.000000
[14637]	4714.000000
[10155]	4777.999878
[14303]	4780.000000
[11869]	4810.000122
[11470]	4835.000000
[11111]	4893.999939
[13289]	4940.000000
[14842]	4967.000000
[13970]	5113.999939
[13290]	5172.000122
[10170]	5217.000122
[14222]	5228.000000
[10157]	5229.000000
[15022]	5278.999878
[12389]	5339.000000
[10658]	5511.000000
[13532]	5613.000000
[16293]	5641.000122
[11049]	5673.000000
[11654]	5705.999756
[13139]	5780.000000
[16218]	5782.000000
[10608]	5818.000000
[12627]	5855.000000
[12012]	5960.000000
[11067]	5960.999878
[10150]	6058.999878
[13076]	6094.999878
[13127]	6127.000000
[11980]	6154.000183
[10676]	6168.000000
[15626]	6185.000000
[12917]	6205.999878
[13306]	6233.000000
[14879]	6299.000244
[16101]	6317.000244
[14716]	6350.000000
[11577]	6359.000244
[15389]	6417.999817
[12397]	6440.999756
[16242]	6443.000244
[10872]	6491.000000
[11778]	6635.000000
[14278]	6641.000244
[16163]	6675.000000
[14674]	6684.000000
[16115]	6695.000244
[11793]	6724.000000
[14794]	6753.000000
[14314]	6803.000000
[11488]	6900.999756
[10210]	6953.000244
[10136]	6959.000244
[13043]	7005.000000
[14299]	7038.999756
[11555]	7119.000000
[14952]	7138.000000
[12223]	7202.000244
[15041]	7346.000000
[11075]	7459.000000
[10486]	7506.000000
[13347]	7523.000244
[12819]	7595.000244
[12849]	7622.000000
[11950]	7629.999756
[15295]	7694.000244
[15627]	7712.000000
[13061]	7908.000000
[14512]	7982.999725
[10747]	7998.999939
[11122]	8056.000122
[12156]	8080.000000
[10561]	8090.000000
[11203]	8222.999878
[11337]	8258.000244
[14633]	8324.000244
[11731]	8534.000244
[13377]	8586.999756
[10287]	8655.999756
[11617]	8685.999756
[13184]	8708.000244
[12544]	8795.999878
[11070]	9269.000000
[14849]	9461.999634
[14645]	9491.000244
[16304]	9553.000000
[13602]	9581.000244
[14228]	9792.000000
[10469]	9804.000244
[14918]	9909.999756
[14711]	9944.999695
[12180]	10177.000000
[11537]	10180.000366
[10185]	10227.999573
[16477]	10491.999756
[12101]	10493.000244
[12472]	10806.000000
[16085]	10822.000000
[11898]	10864.000244
[12280]	11135.000000
[12026]	11302.000000
[13433]	11744.000000
[15070]	11751.000000
[10551]	11808.999634
[11982]	11841.999756
[12898]	11899.000244
[10162]	11935.000000
[13029]	11969.000244
[14254]	11971.000000
[14207]	12194.000244
[14698]	12340.000244
[14025]	12495.000000
[11185]	12886.000000
[11052]	12900.000000
[12265]	12940.000488
[13795]	12952.000000
[10685]	12969.999756
[15192]	12974.000244
[16263]	13017.000000
[15380]	13129.000000
[13277]	13135.000000
[15023]	13181.999634
[15718]	13315.000488
[14924]	13455.000000
[12884]	13526.999817
[13943]	13557.000000
[10312]	13609.000000
[13594]	13805.999756
[13370]	13846.999512
[10581]	14073.000183
[11888]	14183.000000
[13476]	14516.000488
[11244]	14688.000488
[11164]	14764.000000
[12003]	15264.000000
[16232]	15441.000366
[11146]	15569.000122
[12951]	16018.000000
[11413]	16234.999512
[11612]	16401.000000
[11953]	16543.000000
[14098]	16625.000000
[15513]	16825.999878
[10716]	16960.000000
[15567]	16987.000000
[13502]	17037.000000
[15323]	17074.999512
[11641]	17564.999512
[10434]	17748.000000
[12094]	18030.000488
[13360]	18037.000244
[11648]	18041.999390
[12520]	19041.000000
[15595]	19183.999512
[11921]	19197.000000
[10208]	19354.000244
[12523]	19380.000610
[10696]	19906.000488
[15027]	20001.999268
[13694]	20116.999512
[15402]	20318.000000
[13952]	20444.000732
[14457]	20593.000488
[10521]	21095.000000
[11973]	22147.999146
[10990]	22177.999512
[10517]	22438.999512
[10408]	22509.000000
[14814]	22572.000000
[13218]	22750.000488
[11977]	22944.000000
[13422]	23112.000000
[14574]	23175.999756
[13243]	23263.999512
[10627]	23338.000488
[10135]	23503.000488
[10732]	23635.999512
[14108]	24187.999634
[14696]	24311.000977
[12206]	25000.000000
[13367]	25150.000000
[12051]	25247.000977
[14689]	25821.999756
[11481]	25862.999268
[15356]	26106.000610
[10575]	26156.000977
[11140]	26533.000000
[15249]	26932.999146
[11252]	27115.000732
[16149]	27806.000977
[10781]	27965.000000
[12991]	28164.000000
[14489]	28246.000977
[10279]	28512.999878
[10911]	28522.000732
[11290]	28547.000000
[11823]	28594.999512
[11503]	29230.998779
[11721]	29348.999634
[15058]	29521.000977
[13256]	29526.000366
[15455]	30481.999512
[13264]	30491.000000
[12441]	30626.001465
[13486]	30714.999756
[14681]	30758.000977
[10846]	31278.999023
[10752]	31288.000488
[16215]	31576.000977
[10372]	31594.000000
[15624]	31611.999512
[10357]	31664.000977
[12323]	31798.000000
[14824]	31853.000977
[10431]	33092.999023
[14252]	33245.998779
[10666]	33398.000244
[10638]	33449.000000
[11637]	33461.000977
[11444]	33642.999023
[14153]	34068.000000
[11915]	34266.000000
[14783]	34581.000000
[11118]	35126.999512
[10980]	35546.000000
[10620]	35650.000122
[11603]	35747.999268
[12896]	36505.000122
[10877]	36766.000977
[12448]	37217.999268
[13269]	37469.000977
[11624]	37689.999268
[13560]	38190.999023
[13158]	38449.001465
[16042]	38868.001465
[11630]	39870.999146
[10868]	39897.000000
[12699]	40122.000488
[13577]	40604.000977
[11868]	40613.000977
[12217]	41008.001221
[11775]	41501.998535
[11651]	41849.999023
[10158]	42498.999512
[15084]	42501.999023
[13230]	43384.000000
[14955]	43570.001465
[11003]	44383.999268
[12945]	47959.000000
[13165]	48147.000000
[10785]	48218.000488
[12990]	48578.998535
[14210]	48607.000000
[10849]	49183.001587
[15919]	49803.999756
[12693]	50970.999023
[10244]	51823.998047
[12391]	51894.000977
[13514]	53482.000000
[14717]	53818.000488
[13408]	54482.001465
[14012]	55414.000000
[10415]	56139.000000
[14986]	56283.999268
[14082]	56284.999756
[15258]	57346.998047
[12402]	57673.000000
[12197]	57967.001343
[14193]	59380.001221
[11638]	59554.998047
[10874]	59600.001709
[10466]	60230.998535
[12278]	61201.999268
[11109]	61531.998047
[13485]	62734.001953
[14321]	63277.000732
[11995]	63825.000000
[12651]	64904.998047
[10411]	65155.998779
[15013]	67379.997070
[12010]	70812.000000
[15412]	71371.001953
[12169]	71566.000977
[13296]	71860.002197
[15096]	73077.000732
[15024]	73302.998047
[16321]	73318.001953
[11625]	73450.001953
[12966]	74336.000977
[11996]	75337.001953
[12992]	76508.999268
[12395]	77883.996094
[11267]	77987.000244
[15092]	79236.999023
[14685]	79440.000000
[12986]	81769.998047
[12073]	81856.999512
[11435]	85123.999512
[14112]	85518.001953
[14576]	87691.002686
[14677]	87810.002930
[13518]	88292.000977
[13156]	92325.000000
[11423]	93020.999268
[11369]	95322.998047
[10711]	97383.002930
[13605]	101047.997070
[14262]	101623.000488
[10599]	104521.997314
[14838]	104847.996094
[10257]	106674.003174
[15370]	107354.003906
[11986]	107361.999023
[14739]	109584.996094
[16257]	114478.000000
[11988]	114843.002930
[14293]	119670.996094
[14761]	121313.004639
[14730]	121771.996094
[15306]	122161.000000
[14312]	123317.004395
[12016]	123827.001953
[11540]	124095.002930
[12982]	127514.994141
[13931]	128297.000000
[13180]	130272.000977
[11884]	135371.005859
[10994]	138288.996094
[12954]	138339.997070
[14832]	138396.996094
[14524]	138626.003906
[14309]	140260.003906
[14307]	140800.993652
[15376]	141093.997559
[13851]	142668.996094
[16217]	143755.004883
[10713]	146610.996094
[12143]	149668.000000
[14570]	150367.998047
[14066]	150373.000000
[14286]	151307.005859
[12758]	152216.001953
[13244]	159696.003540
[13871]	166909.004883
[10792]	171524.000000
[10299]	174891.003662
[11455]	179649.996094
[10292]	185227.000000
[13891]	186528.008789
[10800]	188667.995605
[10140]	195096.992920
[11874]	200565.003906
[16229]	224014.003906
[11760]	232570.002930
[12451]	234349.000000
[10529]	242852.994141
[12277]	247919.006836
[10920]	247950.991211
[13342]	252336.993408
[11193]	256436.997803
[13744]	270270.000000
[11066]	279231.005859
[11042]	303850.996094
[13830]	306428.009766
[14122]	312795.005859
[14027]	318237.014648
[12339]	321017.998047
[14683]	350961.989258
[13252]	404223.998047
[14893]	412589.988281
[14843]	412767.997070
[11032]	421718.000000
[13198]	429622.998047
[14635]	432917.994141
[14908]	436380.991211
[14492]	449501.982422
[13495]	454747.001953
[14831]	454879.985352
[16271]	467937.009766
[13796]	497502.021973
[10423]	498479.016602
[10693]	510696.000977
[15016]	551587.007813
[12191]	563435.984375
[12972]	600153.988281
[11259]	629884.992188
[14057]	749174.992188
[12173]	814200.000000
[15304]	823799.007813
[13232]	833573.039063
[12264]	847103.995117
[14679]	864692.954102
[11278]	872715.980957
[14869]	922364.027344
[10821]	1018096.953125
[14100]	1082252.004395
[12953]	1203206.996094
[11433]	1305965.007813
[10721]	1322065.068359
[13487]	1388633.050781
[11697]	1439449.042969
[11618]	1704613.004883
[12266]	1731153.083008
[11057]	1751992.075195
[14747]	1769801.062500
[12889]	1808653.019531
[14107]	1809079.027344
[13204]	1851811.061523
[13303]	1885618.908203
[14771]	2069831.065430
[12478]	2327725.941406
[11292]	2368019.021484
[11298]	2514906.025391
[13930]	2778293.007813
[12892]	3331926.082031
[10397]	4065898.027344
