[10194]	0.000000
[10209]	0.000000
[10298]	0.000000
[10324]	0.000000
[10327]	0.000000
[10386]	0.000000
[10480]	0.000000
[10562]	0.000000
[10617]	0.000000
[10817]	0.000000
[10970]	0.000000
[10971]	0.000000
[11050]	0.000000
[11058]	0.000000
[11086]	0.000000
[11198]	0.000000
[11230]	0.000000
[11415]	0.000000
[11479]	0.000000
[11487]	0.000000
[11522]	0.000000
[11538]	0.000000
[11545]	0.000000
[11548]	0.000000
[11720]	0.000000
[11816]	0.000000
[11824]	0.000000
[12018]	0.000000
[12125]	0.000000
[12132]	0.000000
[12141]	0.000000
[12232]	0.000000
[12252]	0.000000
[12263]	0.000000
[12307]	0.000000
[12320]	0.000000
[12324]	0.000000
[12436]	0.000000
[12576]	0.000000
[12633]	0.000000
[12785]	0.000000
[12938]	0.000000
[12955]	0.000000
[12956]	0.000000
[12957]	0.000000
[13024]	0.000000
[13081]	0.000000
[13087]	0.000000
[13113]	0.000000
[13153]	0.000000
[13246]	0.000000
[13295]	0.000000
[13501]	0.000000
[13540]	0.000000
[13546]	0.000000
[13587]	0.000000
[13629]	0.000000
[13655]	0.000000
[13667]	0.000000
[13691]	0.000000
[13693]	0.000000
[13749]	0.000000
[13771]	0.000000
[13785]	0.000000
[13890]	0.000000
[13947]	0.000000
[14115]	0.000000
[14167]	0.000000
[14424]	0.000000
[14467]	0.000000
[14530]	0.000000
[14553]	0.000000
[14561]	0.000000
[14807]	0.000000
[14853]	0.000000
[14871]	0.000000
[14886]	0.000000
[15018]	0.000000
[15045]	0.000000
[15053]	0.000000
[15129]	0.000000
[15208]	0.000000
[15221]	0.000000
[15256]	0.000000
[15343]	0.000000
[15458]	0.000000
[15539]	0.000000
[15570]	0.000000
[15601]	0.000000
[15603]	0.000000
[15774]	0.000000
[15842]	0.000000
[15885]	0.000000
[15949]	0.000000
[15973]	0.000000
[15982]	0.000000
[16456]	0.000000
[16696]	0.000000
[10040]	1.000000
[10224]	1.000000
[10278]	1.000000
[10938]	1.000000
[11036]	1.000000
[11484]	1.000000
[11628]	1.000000
[12743]	1.000000
[12773]	1.000000
[12854]	1.000000
[12869]	1.000000
[12983]	1.000000
[13672]	1.000000
[14046]	1.000000
[15020]	1.000000
[15793]	1.000000
[16083]	1.000000
[10015]	2.000000
[10243]	2.000000
[10301]	2.000000
[10329]	2.000000
[11245]	2.000000
[13115]	2.000000
[14003]	2.000000
[14672]	2.000000
[15091]	2.000000
[15448]	2.000000
[16267]	2.000000
[10535]	2.000000
[11367]	3.000000
[11392]	3.000000
[12363]	3.000000
[12598]	3.000000
[12705]	3.000000
[13574]	3.000000
[13936]	3.000000
[14493]	3.000000
[15325]	3.000000
[15446]	3.000000
[15754]	3.000000
[16654]	3.000000
[10171]	3.000000
[11241]	4.000000
[13564]	4.000000
[14050]	4.000000
[14229]	4.000000
[14863]	4.000000
[14987]	4.000000
[15278]	4.000000
[15853]	4.000000
[16479]	4.000000
[10669]	5.000000
[11493]	5.000000
[11512]	5.000000
[11681]	5.000000
[12745]	5.000000
[12857]	5.000000
[13111]	5.000000
[14397]	5.000000
[15265]	5.000000
[15385]	5.000000
[15934]	5.000000
[10730]	6.000000
[12294]	6.000000
[12653]	6.000000
[12672]	6.000000
[13381]	6.000000
[14736]	6.000000
[15504]	6.000000
[16345]	6.000000
[14320]	7.000000
[11431]	7.000000
[13676]	7.000000
[15250]	7.000000
[16184]	7.000000
[13016]	8.000000
[15606]	8.000000
[11924]	8.000000
[15081]	9.000000
[11619]	10.000000
[12315]	10.000000
[13055]	10.000000
[15604]	10.000000
[10961]	11.000000
[12866]	11.000000
[12900]	11.000000
[15160]	11.000000
[10965]	11.000000
[13987]	12.000000
[12638]	13.000000
[13415]	13.000000
[11317]	14.000000
[10996]	15.000000
[12720]	16.000000
[13898]	16.000000
[13704]	16.000000
[11511]	17.000000
[12641]	17.000000
[16603]	17.000000
[15618]	17.000000
[11028]	18.000000
[14119]	18.000000
[16588]	18.000000
[14218]	19.000000
[14062]	20.000000
[15236]	20.000000
[14268]	21.000000
[10237]	22.000000
[11041]	23.000000
[15061]	23.000000
[15231]	23.000000
[12663]	24.000000
[13715]	24.000000
[13094]	24.000000
[14282]	24.999999
[12370]	25.000000
[12635]	25.000000
[16540]	25.000000
[14477]	26.000000
[12621]	27.999999
[12784]	28.000000
[10198]	29.000000
[14880]	29.000001
[15012]	30.000000
[14712]	30.999999
[10313]	30.999999
[11053]	32.000000
[14559]	32.000000
[14273]	32.000001
[13424]	33.000000
[14197]	37.000000
[12681]	38.000000
[15856]	38.000000
[13826]	39.000000
[12815]	41.000000
[13341]	42.000000
[14656]	43.000000
[15843]	44.000000
[12737]	46.000000
[13618]	47.000000
[13200]	49.000000
[13484]	49.000000
[16128]	51.999998
[12671]	52.000002
[12228]	54.000000
[12748]	54.000000
[15725]	54.000000
[15171]	55.000002
[14535]	57.000000
[12185]	58.000002
[14816]	58.999998
[10933]	59.000000
[12253]	59.000000
[12390]	59.000000
[12652]	59.000000
[12772]	59.000000
[13535]	59.000000
[14288]	59.000000
[12055]	61.000002
[13439]	63.000000
[12676]	64.000001
[11007]	64.999998
[11233]	66.000000
[13863]	66.000000
[12755]	70.000000
[15709]	70.000000
[15153]	70.000002
[12868]	70.999998
[15381]	71.000000
[10884]	72.000000
[12721]	73.999998
[11859]	75.000000
[13934]	75.000000
[11952]	79.000002
[15293]	80.000000
[14488]	81.000000
[15798]	81.999998
[15074]	82.000000
[14004]	83.999996
[11463]	85.000000
[13559]	85.000000
[12207]	86.000000
[12615]	88.000000
[12235]	91.000002
[10783]	92.000000
[16191]	92.000000
[11684]	96.000000
[10165]	100.000000
[10349]	101.000004
[11711]	102.000000
[10654]	107.000000
[15497]	108.000000
[10322]	109.000000
[11225]	109.000000
[12798]	110.000000
[13203]	110.000000
[11216]	111.000000
[11411]	111.000004
[13710]	111.999996
[11879]	112.000000
[13806]	112.000000
[12883]	114.000000
[10683]	117.000000
[13579]	117.999996
[12211]	119.000000
[11646]	120.000000
[13850]	121.000000
[16390]	121.000000
[11789]	123.000000
[10221]	125.000000
[11997]	125.000004
[14474]	128.000000
[15167]	128.999997
[12087]	129.999998
[15257]	131.000004
[14130]	132.999996
[10184]	133.000002
[11941]	134.000000
[15569]	135.000000
[11910]	136.000000
[14797]	136.000000
[11283]	138.000000
[12855]	141.999998
[11441]	144.000000
[12494]	146.000000
[12878]	146.000004
[13767]	148.000002
[13504]	149.000000
[12610]	150.000000
[10204]	155.000004
[10405]	157.000000
[15406]	157.000000
[12902]	158.000000
[14919]	158.000000
[16567]	158.000000
[12709]	160.000000
[14125]	161.000000
[12841]	162.000000
[14799]	162.000000
[15085]	163.999996
[10674]	164.000000
[15581]	166.000000
[12174]	166.000002
[10139]	168.000000
[12190]	170.000000
[13121]	170.000000
[16233]	170.000000
[13768]	176.000004
[14534]	177.000000
[14856]	177.000000
[10396]	177.999996
[10241]	183.999996
[12245]	185.000000
[14804]	185.000000
[14943]	187.000000
[14895]	188.000004
[13348]	191.000000
[13467]	191.000000
[10272]	193.000000
[14306]	193.000000
[12822]	193.999992
[10775]	196.999992
[12704]	198.999996
[13032]	199.000000
[10950]	201.000000
[12559]	203.000000
[16647]	204.000000
[12899]	205.999992
[15627]	207.000000
[13182]	208.000000
[12719]	208.999992
[14738]	208.999992
[13196]	210.000000
[15282]	210.000000
[14054]	211.999992
[15794]	212.999994
[15721]	213.000000
[11719]	216.000000
[15124]	216.000000
[12214]	217.999992
[11908]	218.000000
[14088]	219.000000
[13862]	223.000000
[14131]	223.000000
[14237]	223.000000
[11535]	223.000004
[12886]	224.000000
[13770]	224.000000
[13002]	225.000000
[10338]	228.000000
[11085]	233.000000
[15115]	235.000000
[15245]	236.000008
[10444]	242.000000
[11615]	242.000000
[11726]	244.000004
[11468]	245.000000
[10558]	248.000000
[10414]	254.000000
[15887]	254.000000
[14275]	256.999992
[14875]	258.000000
[11531]	259.000000
[10557]	262.000008
[14627]	263.000011
[12455]	265.000000
[15741]	265.000002
[13746]	268.000000
[12649]	270.000000
[15598]	271.000000
[12844]	271.000008
[10416]	275.000000
[14081]	276.000000
[11762]	277.999992
[14539]	279.000000
[10225]	284.999994
[12348]	286.000000
[11492]	288.999996
[10925]	290.000000
[11845]	290.000000
[13654]	295.000000
[12831]	296.000004
[10589]	300.000000
[12268]	300.999985
[10967]	302.000000
[11197]	307.000000
[10247]	307.000004
[11588]	310.000000
[14120]	312.999992
[11123]	319.000008
[13490]	320.000000
[13832]	321.000000
[14805]	324.000000
[14065]	325.000000
[12412]	330.000000
[11227]	333.000000
[14648]	335.000000
[12175]	337.000000
[15049]	339.000015
[12375]	342.000000
[13894]	345.999985
[15991]	346.000000
[12321]	346.999992
[16091]	348.999992
[15862]	351.999992
[13942]	354.999985
[13520]	359.000004
[12769]	360.000010
[16261]	362.000000
[11931]	366.000000
[14942]	366.000000
[16322]	368.000000
[14802]	375.000000
[15785]	392.999992
[12845]	394.000000
[13176]	402.000000
[15147]	408.000000
[13966]	409.000000
[13369]	411.999985
[12708]	413.999996
[14718]	417.000011
[10744]	425.000000
[14102]	425.000000
[10640]	425.000008
[12851]	425.000008
[15051]	426.000000
[11725]	429.000000
[12549]	441.000000
[10917]	446.000015
[12171]	455.000000
[15861]	461.999989
[14234]	465.000000
[11063]	466.000000
[12255]	477.000000
[12195]	477.999989
[15502]	485.000004
[15130]	489.000000
[13211]	491.000000
[13434]	495.999977
[10613]	498.000000
[11833]	498.999985
[14470]	502.000000
[15554]	502.000008
[15483]	506.000000
[11288]	515.000000
[15855]	515.000000
[15138]	524.000000
[10333]	534.000000
[13541]	535.000000
[12728]	536.000000
[13282]	540.000000
[15454]	545.000000
[13398]	554.000000
[11764]	556.000008
[12853]	558.000000
[11447]	561.000000
[15246]	564.000000
[11214]	575.000000
[12779]	585.999985
[15210]	592.000000
[13109]	594.000000
[13543]	599.000000
[11345]	600.000000
[10647]	609.000000
[15994]	617.000000
[10930]	622.000000
[14451]	623.000000
[14458]	623.000000
[14745]	623.000000
[12932]	629.000015
[13964]	639.000000
[13614]	648.000000
[10482]	670.000000
[16253]	674.000000
[13194]	678.000000
[11550]	679.000000
[13162]	680.000000
[10245]	707.000000
[10559]	711.999992
[10621]	725.000000
[14722]	726.000000
[15841]	737.000015
[12335]	739.000000
[15632]	754.000000
[14485]	768.000023
[14733]	776.000000
[16166]	778.000000
[12876]	780.000000
[15174]	792.000000
[11372]	797.000000
[12969]	799.000000
[11844]	806.000000
[14186]	807.000000
[11204]	835.000000
[11301]	841.000000
[11730]	842.000000
[15125]	862.000000
[12343]	892.000031
[14109]	902.000000
[12888]	915.000000
[15237]	921.000000
[12920]	923.000000
[10448]	930.000000
[15579]	943.000000
[10954]	944.000000
[16078]	950.000015
[10540]	952.000031
[13625]	952.999969
[10926]	953.000000
[10470]	975.000000
[14789]	979.000000
[14692]	981.000000
[16171]	981.000000
[10304]	996.999962
[12519]	1023.000000
[12177]	1032.000000
[13344]	1037.000000
[10918]	1038.000000
[12807]	1050.000000
[11587]	1053.000000
[14256]	1060.999969
[10361]	1074.000000
[14231]	1121.000000
[13799]	1142.000000
[14006]	1151.000000
[14543]	1183.000000
[12365]	1216.000000
[12129]	1234.000031
[12250]	1271.000000
[10739]	1281.000000
[15478]	1282.999992
[16268]	1299.000000
[11525]	1300.000031
[16476]	1327.000000
[11013]	1342.999969
[11471]	1349.000000
[14150]	1378.000031
[13829]	1379.000000
[14582]	1381.000031
[13900]	1391.000000
[13068]	1395.000000
[11075]	1411.000000
[10568]	1418.000000
[10545]	1422.000000
[16252]	1426.999969
[11315]	1428.000000
[13983]	1463.000000
[14520]	1508.000000
[11076]	1514.000000
[15317]	1548.999939
[15008]	1549.000000
[11336]	1575.999985
[13692]	1598.000000
[11905]	1620.000000
[13169]	1656.000000
[11027]	1665.000000
[14583]	1689.000000
[15584]	1691.000000
[15643]	1700.000000
[11160]	1703.000000
[12180]	1707.000000
[10779]	1769.000000
[11097]	1793.000061
[15048]	1811.000000
[12066]	1828.000000
[10148]	1832.000000
[13105]	1833.999939
[11332]	1845.000000
[12119]	1846.000000
[14113]	1859.000000
[10631]	1881.000000
[10268]	1886.000000
[11108]	1888.000000
[14022]	1903.000000
[16097]	1932.000000
[11445]	1943.000092
[11867]	1955.000000
[12244]	1961.000000
[14991]	1979.000000
[13241]	2049.000000
[11865]	2075.000000
[12124]	2094.000000
[10141]	2136.000000
[12164]	2175.000000
[10728]	2176.000000
[13095]	2189.000000
[11172]	2210.000000
[14196]	2247.000000
[14819]	2251.000000
[14487]	2256.000000
[14051]	2284.000000
[13048]	2301.000000
[11671]	2314.000000
[14960]	2321.000000
[10146]	2328.000000
[12627]	2334.000000
[12239]	2337.000000
[10154]	2341.000000
[15401]	2358.000000
[10280]	2434.000000
[15868]	2437.000000
[10717]	2478.000000
[12511]	2480.000000
[12184]	2482.999969
[12492]	2520.000000
[14588]	2527.000000
[14905]	2579.000061
[10878]	2600.000000
[10731]	2614.000000
[11274]	2646.000000
[14945]	2659.000000
[15607]	2726.000000
[14299]	2761.000000
[12849]	2776.000000
[11187]	2821.000061
[14992]	2827.000000
[11070]	2860.000000
[11534]	2878.000000
[11170]	2890.000000
[10658]	2893.000000
[16293]	2913.000000
[14496]	2973.000000
[10011]	2998.000000
[10275]	3046.000000
[11126]	3049.000000
[11150]	3081.000000
[10754]	3085.999878
[11488]	3146.000000
[11928]	3159.000000
[11699]	3169.000122
[13034]	3200.999908
[13459]	3220.000122
[12007]	3225.000092
[14879]	3250.000000
[16306]	3275.000000
[13943]	3332.000000
[11308]	3358.000000
[14092]	3364.000000
[14645]	3397.000122
[14828]	3463.000061
[15389]	3513.000000
[12553]	3529.999878
[15022]	3558.000000
[12891]	3605.000000
[12915]	3681.000000
[11907]	3730.999878
[16133]	3740.000000
[10150]	3770.000000
[14924]	3839.000000
[10210]	3847.999878
[10608]	3882.000000
[11695]	3900.000000
[14259]	3916.000122
[13166]	3966.000000
[13306]	3967.000122
[14842]	3981.000000
[10676]	3982.000122
[10170]	4000.000000
[14222]	4047.000000
[14704]	4114.999878
[14674]	4122.000000
[10157]	4129.000000
[11563]	4131.999893
[13873]	4285.999878
[10287]	4339.000000
[10872]	4350.000000
[11111]	4355.999939
[11654]	4372.000122
[14314]	4378.999878
[14637]	4405.000000
[11470]	4431.000000
[15411]	4455.000000
[13289]	4488.000000
[13388]	4526.000000
[10155]	4552.999878
[13970]	4607.000000
[11519]	4687.999878
[13933]	4690.000000
[12472]	4702.999878
[12223]	4723.999817
[14303]	4732.999878
[10486]	4819.000000
[10577]	4827.999878
[14918]	4956.000000
[14709]	4961.999817
[13290]	4976.000244
[13127]	5001.000122
[14278]	5057.999878
[10661]	5070.000000
[10162]	5193.000000
[13602]	5263.000000
[13532]	5310.000000
[14716]	5449.000244
[10136]	5473.000122
[11778]	5478.000000
[11049]	5490.000000
[14794]	5496.000000
[13139]	5618.000000
[11980]	5657.000183
[12389]	5668.999878
[11052]	5705.000000
[12012]	5784.000000
[12544]	5834.000122
[12917]	5886.999939
[12819]	5887.000000
[16477]	6086.000000
[16101]	6167.000122
[11950]	6180.000000
[11577]	6221.000000
[11555]	6322.999939
[13076]	6514.000000
[16242]	6522.000000
[12397]	6536.000000
[11888]	6548.000000
[13061]	6633.999817
[15295]	6647.999878
[11122]	6660.999756
[13377]	6711.000000
[11067]	6786.000000
[11793]	6801.000000
[15215]	6804.000000
[13043]	6861.000000
[11869]	6861.999756
[14849]	6868.000183
[16218]	6874.000000
[15626]	6933.000000
[16173]	6942.000000
[16115]	7020.000000
[11617]	7055.000244
[12156]	7084.000000
[10561]	7200.999756
[14952]	7295.000244
[10747]	7375.999878
[12991]	7442.000000
[14512]	7502.000153
[14633]	7602.999756
[14254]	7739.000000
[15718]	7758.000000
[12101]	7785.000000
[15041]	7958.000244
[13184]	7965.000000
[15192]	8292.999878
[13347]	8374.000122
[11731]	8395.999756
[14228]	8407.000000
[11337]	8498.999756
[11203]	8554.999756
[12026]	8562.000122
[10185]	8573.000153
[13370]	8691.999634
[16263]	8747.999878
[11982]	8801.000244
[14711]	9050.000000
[11082]	9144.000000
[13795]	9183.000000
[16163]	9269.000244
[10590]	9675.999695
[15070]	9823.000122
[12884]	9898.000000
[12280]	9987.000122
[15023]	10057.999878
[10469]	10328.000000
[10551]	10764.999878
[11537]	10770.999756
[12265]	10910.000000
[14698]	11002.000122
[15380]	11196.000000
[14025]	11245.999878
[13029]	11368.000000
[16304]	11464.000244
[11185]	11618.000000
[11898]	11782.000000
[16085]	11967.000000
[13277]	12149.000000
[14207]	12434.000244
[12003]	12443.999634
[10685]	12465.999756
[15402]	12509.000000
[13433]	12655.000244
[11164]	12667.000000
[13594]	12731.999512
[10312]	12803.999756
[14098]	13054.999512
[11413]	13161.000000
[10581]	13180.000122
[15323]	13194.000000
[13476]	13550.000610
[13952]	13560.000000
[10716]	13669.000000
[11146]	13741.000000
[11612]	13761.999756
[15595]	13826.999512
[12898]	13833.000000
[14824]	14440.000122
[14457]	14462.000000
[10517]	14468.000244
[11648]	14536.000732
[15513]	14590.000000
[10758]	15052.000000
[12951]	15093.000000
[11921]	15120.999756
[10732]	15372.999756
[11641]	15420.000244
[12520]	15438.000000
[11953]	15466.000000
[10521]	15674.000244
[13360]	16569.000000
[10434]	16618.000000
[10638]	16759.000000
[13218]	16828.000488
[11244]	16861.999512
[10208]	17313.000000
[10357]	17367.999756
[14814]	17768.000488
[15356]	17893.999512
[13502]	17924.999512
[15027]	18037.000488
[11977]	18052.000488
[10575]	18447.999268
[14574]	18892.000122
[15567]	18919.000000
[12051]	19150.999512
[14681]	19340.000000
[12523]	19357.000244
[10990]	19441.999512
[11444]	19459.000244
[10696]	19980.000000
[12206]	20263.000488
[10627]	20329.000244
[10408]	20412.000000
[16232]	20431.999512
[10431]	20523.999023
[11290]	20640.000000
[15058]	20821.000977
[13422]	20927.000732
[11973]	21407.000610
[15455]	21419.000244
[10135]	21798.000977
[14489]	21855.999512
[14689]	22134.000000
[13243]	22174.000488
[14108]	22191.000000
[13486]	22212.000000
[12073]	22212.999512
[14696]	22954.999512
[10911]	23587.000488
[12094]	23622.000122
[11140]	23664.000000
[13560]	23953.000244
[11651]	24100.000000
[13694]	24211.000488
[10279]	24238.999512
[15624]	24724.000000
[15249]	24955.001221
[13256]	25174.999268
[16215]	25474.000000
[13264]	25598.000977
[11481]	25673.000488
[11823]	25838.000732
[14252]	25974.999023
[12323]	26288.999268
[11118]	26290.000000
[13367]	26314.000000
[14783]	26798.999634
[10980]	27981.999023
[13165]	28031.000977
[11252]	28042.000000
[10781]	28271.000977
[10620]	28526.000977
[10877]	28578.000488
[10752]	29676.999023
[10846]	29700.999756
[12693]	30666.000000
[12651]	30738.999023
[13269]	30994.998535
[12441]	31301.000977
[11721]	31382.000244
[11603]	31412.000977
[14153]	31926.000488
[14012]	32550.000000
[16149]	32996.999878
[10666]	33109.000488
[12896]	33393.000977
[13408]	33530.000977
[12448]	34155.999756
[11637]	34186.000977
[13158]	34419.999023
[11624]	35087.000977
[11868]	35134.000000
[11503]	35238.999023
[11630]	35552.000244
[10372]	35745.000000
[14210]	36060.000732
[13514]	36792.000000
[12217]	36810.000000
[11003]	37605.000000
[10244]	37652.000977
[10415]	37670.000977
[11915]	38201.000977
[13230]	38771.000000
[11775]	39248.000000
[12010]	40521.000977
[11109]	40856.000000
[13577]	40892.998535
[12945]	41076.000977
[11435]	41503.000000
[10868]	41539.998779
[10785]	41597.998047
[12391]	41851.002197
[15084]	41943.999023
[10849]	42028.000000
[15013]	42302.000977
[14955]	42661.001953
[12966]	43769.000000
[15258]	44247.998047
[15919]	44366.001709
[12169]	44790.000000
[14321]	46920.999023
[12699]	46947.000000
[14082]	47002.001343
[11369]	47336.000977
[12990]	48388.000488
[10158]	48835.000122
[16042]	49001.000000
[13156]	49208.998535
[16321]	50579.000977
[11638]	51633.999023
[10874]	52066.999512
[12402]	52593.000000
[12278]	52635.000000
[12197]	52676.998535
[14193]	52816.999512
[14717]	54216.999512
[11995]	54796.000000
[15412]	54796.002930
[10411]	56925.000000
[13518]	58279.998047
[14986]	60893.002930
[14677]	60975.000000
[10466]	62020.003052
[13485]	62471.000977
[15024]	63886.001709
[12992]	64226.000977
[12395]	65959.998047
[14685]	66224.001465
[11996]	66426.000854
[15096]	67852.002075
[11625]	69904.001953
[10711]	70825.000000
[11267]	71200.001953
[14112]	71492.001709
[13296]	71746.000977
[12986]	72388.999023
[14739]	73381.001953
[15092]	74241.001953
[13605]	81137.001709
[14576]	83324.000977
[11540]	89933.998901
[12954]	91343.000977
[11423]	91610.997070
[10599]	92206.999512
[15370]	93145.001221
[14838]	96552.000977
[10257]	98104.001953
[13180]	98829.998779
[13931]	99878.995361
[11455]	100373.000000
[14761]	100603.003418
[11874]	100635.000977
[15306]	100752.000000
[11986]	102124.003174
[14312]	103358.996582
[14309]	104539.997559
[11884]	105376.998535
[14832]	106412.003174
[12982]	109109.998047
[10994]	112607.003906
[12143]	112805.002441
[10713]	115643.995605
[14730]	115660.003235
[14524]	116962.000977
[14293]	117226.003418
[11988]	117492.997070
[16257]	118157.998535
[14307]	120623.996826
[13851]	120762.994629
[14066]	121409.000000
[14286]	123597.003906
[12758]	125741.003418
[10292]	127092.005859
[12016]	128714.001465
[14262]	129328.000488
[15376]	130806.000977
[14570]	131238.999023
[13244]	134584.998779
[16217]	138699.994141
[10299]	144330.002808
[13871]	147483.998047
[10792]	148237.002686
[10800]	149923.999512
[10140]	150603.996094
[13891]	151307.994385
[10920]	167646.997070
[11760]	169487.999512
[12451]	194976.996094
[16229]	205285.992188
[12277]	205921.992188
[10529]	207594.000000
[11193]	213591.005859
[13342]	239948.996094
[11066]	240376.998047
[13252]	251537.000000
[14122]	262769.001709
[13830]	265392.000000
[11042]	283593.005615
[13744]	286522.010742
[14683]	290545.998535
[12339]	302039.004395
[14027]	309115.992188
[14893]	338039.006348
[14843]	340127.992188
[14492]	347518.002686
[13198]	356948.992920
[11032]	361369.980469
[14831]	361559.992676
[14908]	384968.004883
[13796]	395675.019531
[10693]	407139.014648
[10423]	413151.019531
[12972]	424571.004883
[13495]	432808.007813
[16271]	441182.994141
[15016]	453260.011719
[12191]	454011.985840
[14635]	494891.999512
[11259]	550055.017090
[14057]	579181.992188
[12264]	635845.984375
[13232]	676533.012695
[14679]	720988.989258
[12173]	730639.991211
[15304]	759731.994141
[10821]	775769.998535
[11278]	800471.993652
[14869]	810573.001465
[14100]	990787.034180
[12953]	1004480.039063
[10721]	1122331.007813
[11433]	1161706.031250
[11697]	1198859.008789
[13487]	1258093.979492
[11618]	1339960.961914
[14747]	1407229.941406
[12266]	1503521.039063
[11057]	1533937.069336
[13204]	1626936.020508
[13303]	1641836.963867
[14107]	1645417.031250
[12889]	1666586.947266
[14771]	1732264.031250
[12478]	1940659.977539
[11292]	1972373.990234
[11298]	2311104.082031
[13930]	2434574.985352
[12892]	2670210.913086
[10397]	3627205.113281
