[10052]	0.000000
[10064]	0.000000
[10164]	0.000000
[10171]	0.000000
[10175]	0.000000
[10198]	0.000000
[10209]	0.000000
[10324]	0.000000
[10329]	0.000000
[10386]	0.000000
[10480]	0.000000
[10555]	0.000000
[10562]	0.000000
[10617]	0.000000
[10817]	0.000000
[10819]	0.000000
[10970]	0.000000
[10971]	0.000000
[11050]	0.000000
[11058]	0.000000
[11194]	0.000000
[11198]	0.000000
[11204]	0.000000
[11230]	0.000000
[11376]	0.000000
[11415]	0.000000
[11522]	0.000000
[11548]	0.000000
[11720]	0.000000
[11816]	0.000000
[11871]	0.000000
[11938]	0.000000
[12018]	0.000000
[12067]	0.000000
[12125]	0.000000
[12132]	0.000000
[12263]	0.000000
[12324]	0.000000
[12363]	0.000000
[12381]	0.000000
[12436]	0.000000
[12576]	0.000000
[12598]	0.000000
[12625]	0.000000
[12785]	0.000000
[12834]	0.000000
[12911]	0.000000
[12933]	0.000000
[12938]	0.000000
[12956]	0.000000
[13024]	0.000000
[13046]	0.000000
[13081]	0.000000
[13113]	0.000000
[13153]	0.000000
[13246]	0.000000
[13295]	0.000000
[13461]	0.000000
[13501]	0.000000
[13540]	0.000000
[13587]	0.000000
[13629]	0.000000
[13667]	0.000000
[13680]	0.000000
[13693]	0.000000
[13785]	0.000000
[13788]	0.000000
[13809]	0.000000
[13890]	0.000000
[14004]	0.000000
[14024]	0.000000
[14030]	0.000000
[14046]	0.000000
[14115]	0.000000
[14167]	0.000000
[14206]	0.000000
[14467]	0.000000
[14553]	0.000000
[14561]	0.000000
[14584]	0.000000
[14807]	0.000000
[14871]	0.000000
[14877]	0.000000
[14886]	0.000000
[14922]	0.000000
[15018]	0.000000
[15053]	0.000000
[15063]	0.000000
[15113]	0.000000
[15129]	0.000000
[15256]	0.000000
[15343]	0.000000
[15458]	0.000000
[15511]	0.000000
[15530]	0.000000
[15601]	0.000000
[15603]	0.000000
[15631]	0.000000
[15774]	0.000000
[15842]	0.000000
[15939]	0.000000
[16443]	0.000000
[16665]	0.000000
[16696]	0.000000
[16698]	0.000000
[16709]	0.000000
[10325]	1.000000
[10327]	1.000000
[11487]	1.000000
[11700]	1.000000
[11756]	1.000000
[11790]	1.000000
[11993]	1.000000
[12854]	1.000000
[13729]	1.000000
[14320]	1.000000
[15091]	1.000000
[15447]	1.000000
[15504]	1.000000
[15885]	1.000000
[16588]	1.000000
[16654]	1.000000
[14493]	1.000000
[10746]	2.000000
[10938]	2.000000
[11036]	2.000000
[11098]	2.000000
[11241]	2.000000
[11431]	2.000000
[11628]	2.000000
[11961]	2.000000
[12252]	2.000000
[12633]	2.000000
[12773]	2.000000
[13424]	2.000000
[13672]	2.000000
[13865]	2.000000
[14050]	2.000000
[14268]	2.000000
[14530]	2.000000
[14996]	2.000000
[15325]	2.000000
[15448]	2.000000
[15582]	2.000000
[10535]	3.000000
[11392]	3.000000
[11675]	3.000000
[11724]	3.000000
[11899]	3.000000
[11945]	3.000000
[12222]	3.000000
[12857]	3.000000
[13574]	3.000000
[13987]	3.000000
[14854]	3.000000
[15203]	3.000000
[15250]	3.000000
[15618]	3.000000
[16016]	3.000000
[16454]	3.000000
[16478]	3.000000
[10056]	4.000000
[10630]	4.000000
[11295]	4.000000
[11493]	4.000000
[12591]	4.000000
[13765]	4.000000
[14229]	4.000000
[14295]	4.000000
[10015]	5.000000
[11512]	5.000000
[12039]	5.000000
[12574]	5.000000
[13381]	5.000000
[14750]	5.000000
[15427]	5.000000
[15853]	5.000000
[15934]	5.000000
[11545]	6.000000
[12141]	6.000000
[12315]	6.000000
[12320]	6.000000
[12705]	6.000000
[12900]	6.000000
[14897]	6.000000
[14987]	6.000000
[15278]	6.000000
[15604]	6.000000
[15793]	6.000000
[11245]	7.000000
[13655]	7.000000
[14672]	7.000000
[14855]	7.000000
[15385]	7.000000
[16345]	7.000000
[10790]	8.000000
[14577]	8.000000
[14863]	8.000000
[16290]	8.000000
[14736]	8.000000
[10633]	9.000000
[11092]	9.000000
[13111]	9.000000
[13415]	9.000000
[13564]	9.000000
[16128]	9.000000
[10996]	10.000000
[11367]	10.000000
[11484]	11.000000
[10243]	12.000000
[11619]	12.000000
[13898]	12.000000
[15106]	13.000000
[15754]	13.000000
[12621]	16.000000
[11924]	17.000000
[13704]	17.000000
[15236]	18.000000
[15012]	18.000000
[11511]	19.000000
[12370]	19.000000
[13016]	19.000000
[15061]	19.000000
[12635]	20.000000
[14119]	20.000000
[12638]	20.000000
[11317]	22.000000
[12720]	22.000000
[14721]	22.000000
[12866]	23.000000
[13094]	23.000000
[15160]	24.000000
[10237]	25.000000
[14712]	25.999999
[10910]	27.000000
[14282]	27.000000
[12294]	28.000000
[12653]	28.000000
[11041]	30.000000
[13055]	30.000000
[14880]	30.000000
[12641]	30.999999
[12663]	31.000000
[13676]	31.000000
[16031]	31.000000
[11028]	32.000000
[10216]	33.000000
[14559]	33.000000
[10313]	35.000000
[15231]	35.000000
[14656]	36.000000
[13618]	37.000000
[14062]	38.000000
[11834]	39.000000
[12390]	39.000000
[12671]	39.999999
[11453]	45.000000
[13715]	45.000000
[16603]	45.000000
[13535]	46.000000
[12784]	46.000001
[11053]	47.000000
[14816]	47.000001
[12815]	48.000000
[14196]	48.000000
[10194]	48.000002
[11007]	49.000000
[14218]	51.000000
[15725]	52.000000
[14273]	52.999998
[15856]	54.000000
[14477]	55.000000
[15381]	55.000000
[15171]	55.000002
[14535]	59.000000
[10172]	60.000000
[12737]	60.000000
[15843]	62.000000
[12755]	63.000000
[15293]	65.000000
[15798]	67.000002
[12185]	68.000000
[12676]	70.000000
[12087]	70.999999
[11859]	71.000000
[10884]	79.000000
[12235]	79.999998
[12868]	81.000000
[14130]	81.999996
[12721]	85.000000
[16567]	85.000000
[13826]	86.000000
[13806]	87.000000
[12681]	88.000000
[12748]	88.999998
[12772]	89.000000
[14488]	89.000000
[11463]	91.000000
[13200]	91.000000
[13863]	92.000000
[11200]	93.000000
[11216]	94.000000
[11952]	96.000000
[15709]	96.000001
[15167]	97.999997
[11411]	98.000000
[12207]	100.000000
[15374]	100.000000
[12652]	102.999996
[12253]	103.000000
[11711]	104.000000
[10674]	105.000000
[12883]	105.000000
[13439]	106.000000
[10241]	106.999998
[10961]	107.000000
[12055]	108.000000
[12841]	111.000000
[13934]	111.000000
[11719]	114.000000
[16390]	118.000000
[12709]	118.999996
[10615]	120.000000
[14288]	120.999996
[13579]	123.000000
[10204]	124.000000
[15257]	130.000000
[16095]	130.000000
[15569]	131.000000
[11684]	132.000000
[14475]	133.000000
[15074]	135.000000
[12855]	142.000000
[10139]	142.000001
[10349]	143.000004
[12414]	144.000000
[11997]	145.000000
[12719]	145.000000
[10654]	146.000000
[10783]	147.000000
[14943]	149.000000
[10221]	150.000000
[15497]	150.999996
[14534]	151.000000
[15115]	151.000000
[14474]	151.000004
[15085]	153.000001
[11941]	154.000000
[11879]	158.000000
[12615]	158.999994
[12798]	159.000000
[14919]	160.000000
[15406]	162.000000
[14804]	170.000000
[12174]	170.000004
[15153]	171.999996
[11283]	172.000000
[13504]	173.000000
[10476]	175.000000
[12245]	175.000000
[10184]	177.000000
[10396]	178.000000
[12494]	181.000000
[11233]	188.000000
[10338]	190.000000
[14895]	190.000000
[11646]	191.000000
[15245]	192.000008
[10322]	196.000000
[10775]	197.999992
[12878]	198.000000
[10272]	199.000000
[12886]	200.000000
[15581]	201.000000
[12704]	202.000004
[13710]	203.000000
[10405]	207.000008
[10165]	209.000000
[14054]	214.000008
[13767]	215.000000
[13467]	216.000000
[11085]	224.000000
[11908]	224.000000
[12902]	226.000000
[14856]	229.000000
[16091]	231.000000
[11441]	232.000000
[15794]	232.999992
[13957]	235.000000
[10950]	239.000000
[12610]	240.000000
[13348]	241.000000
[13182]	242.000000
[11535]	242.000011
[12190]	244.000000
[12822]	244.000004
[15282]	244.000004
[15124]	246.000000
[11492]	247.000000
[10683]	250.000000
[11910]	253.000000
[12214]	253.999992
[14125]	253.999992
[14627]	254.000010
[12957]	256.000000
[13369]	257.999992
[11225]	261.000000
[16647]	264.000000
[12708]	265.000000
[14237]	265.000000
[12851]	265.999992
[15721]	271.000008
[14120]	274.999992
[13862]	275.000000
[13770]	277.999992
[12268]	283.000008
[13121]	289.000000
[12899]	291.000000
[14797]	292.000000
[10416]	292.999992
[12831]	296.999989
[15862]	297.000000
[13768]	301.999996
[12559]	303.000000
[11726]	306.000000
[14738]	306.000008
[14306]	308.000000
[13654]	309.000000
[11615]	315.000000
[13746]	316.000000
[14088]	316.999992
[10247]	319.000008
[11588]	320.000000
[13942]	322.000000
[15598]	325.000000
[13032]	327.000000
[14397]	332.000000
[11931]	333.000000
[10414]	334.000000
[11197]	338.000000
[10925]	339.000000
[14805]	339.000000
[15887]	339.000011
[10225]	345.000000
[11063]	346.000000
[12649]	346.999992
[11495]	352.999992
[14131]	357.999992
[13341]	361.000011
[12844]	364.000015
[10557]	365.000000
[14875]	366.000000
[12455]	370.000000
[14234]	374.000015
[11845]	377.000000
[14065]	378.000000
[13196]	381.999985
[14539]	384.000000
[10558]	385.999985
[10917]	390.000000
[12321]	393.999981
[10444]	396.000000
[12412]	398.000000
[11468]	408.000000
[11123]	409.000000
[10967]	410.000000
[15741]	410.999987
[12845]	412.000000
[13520]	413.000004
[15051]	415.000000
[13832]	418.000000
[14648]	420.000000
[12375]	423.000000
[13484]	425.000000
[11531]	433.000000
[16191]	437.000000
[13434]	438.000000
[14802]	439.000000
[10640]	442.000008
[15554]	446.000015
[16322]	448.000000
[14718]	448.999981
[15049]	451.999985
[11762]	453.000000
[13490]	455.000000
[13614]	471.000000
[16261]	474.000000
[12195]	476.999996
[10589]	478.000000
[15502]	482.000008
[12769]	483.000011
[14275]	495.000000
[12171]	502.000000
[14102]	507.999985
[14942]	509.000015
[15785]	509.000015
[13176]	530.000000
[12853]	532.999992
[15566]	536.000000
[12779]	539.999989
[10744]	545.000000
[15991]	549.000000
[11227]	559.000015
[13109]	567.000000
[14458]	567.000000
[11447]	573.000000
[15861]	577.000000
[11764]	580.000000
[15210]	591.000000
[10333]	596.000015
[13398]	596.000015
[11725]	599.000015
[13966]	603.000000
[15130]	611.000000
[10647]	611.000015
[11288]	612.000000
[16233]	614.000000
[11833]	619.999969
[15138]	628.000000
[12728]	630.000000
[12255]	633.000000
[15454]	633.000000
[13894]	635.999981
[12175]	637.000000
[14745]	656.000000
[13282]	656.000015
[15994]	667.000000
[10540]	670.999977
[13211]	675.000000
[12549]	678.999985
[15483]	692.000000
[12932]	696.000000
[13543]	708.000000
[13541]	729.000000
[10613]	730.000000
[15855]	730.000000
[14451]	733.000000
[11214]	741.999985
[10482]	742.000000
[15147]	745.000000
[10930]	748.000000
[11550]	758.999977
[13162]	759.000000
[15246]	765.999985
[12876]	781.000000
[11372]	814.000000
[13194]	818.000000
[14733]	833.000000
[15632]	835.000000
[10929]	836.000000
[12343]	843.000000
[13964]	846.000000
[16253]	847.000000
[15841]	849.000000
[12335]	864.000000
[12920]	886.000000
[14186]	916.000000
[13002]	921.000000
[10245]	931.999996
[10559]	939.000023
[11844]	952.000031
[16166]	975.000000
[14231]	982.999969
[14485]	988.000031
[10545]	995.000000
[15579]	1001.999969
[11525]	1009.000000
[11345]	1016.000000
[15174]	1019.000000
[14109]	1024.000000
[10304]	1050.000000
[11730]	1069.000000
[14081]	1078.000000
[16078]	1079.000000
[14692]	1103.000000
[12519]	1133.000000
[15237]	1138.000000
[14470]	1139.000000
[10470]	1144.000000
[10918]	1147.000031
[12177]	1150.000000
[11301]	1165.000000
[13799]	1191.000000
[14789]	1203.000000
[16476]	1217.000000
[12888]	1225.000000
[15125]	1227.000000
[12969]	1257.000000
[14991]	1259.000000
[12807]	1276.000046
[10448]	1290.000000
[10926]	1294.999969
[10739]	1302.000000
[13829]	1317.000000
[14543]	1326.000000
[11315]	1327.999969
[10148]	1354.000000
[13344]	1354.000000
[10954]	1359.000000
[11587]	1375.999969
[14256]	1377.000000
[10361]	1385.000000
[10280]	1395.000000
[12365]	1397.000000
[14150]	1397.000000
[12129]	1438.999969
[13692]	1458.000000
[14006]	1545.000000
[14582]	1547.000061
[14496]	1579.000000
[10621]	1590.000000
[12250]	1597.000000
[14520]	1600.000000
[13900]	1616.000000
[11013]	1643.000000
[11471]	1648.000000
[11160]	1657.000000
[15643]	1658.000000
[13169]	1662.000000
[16252]	1692.000000
[13983]	1702.000000
[15478]	1727.999939
[14583]	1728.000000
[13068]	1733.000061
[16268]	1742.000000
[15584]	1784.000000
[11172]	1797.000000
[13105]	1814.000000
[14022]	1814.000000
[14819]	1815.000000
[11082]	1838.000000
[11905]	1841.000000
[11336]	1856.000023
[11445]	1923.999939
[15317]	1926.000000
[12239]	1930.000000
[11027]	1938.999939
[14722]	1945.000000
[15048]	2014.000000
[11332]	2033.000061
[11108]	2044.000000
[11076]	2073.999939
[13625]	2077.000000
[14299]	2085.000000
[10728]	2109.000000
[10631]	2111.000061
[15008]	2151.000000
[11865]	2162.000000
[10779]	2163.000000
[14487]	2178.999939
[11097]	2189.000000
[10141]	2191.000000
[13095]	2209.000000
[13241]	2223.000000
[16171]	2232.999939
[10568]	2271.000000
[10268]	2283.000000
[11867]	2327.000061
[12244]	2375.000000
[16097]	2385.000000
[14113]	2505.000000
[13048]	2512.000000
[15401]	2524.000000
[12164]	2525.000000
[15215]	2555.000000
[12511]	2642.000000
[14051]	2703.000000
[12492]	2709.000000
[10717]	2709.999939
[15868]	2730.000000
[10146]	2747.000061
[12180]	2750.000000
[14945]	2828.000000
[14992]	2839.000000
[11075]	2897.000000
[12849]	2917.000000
[12119]	2922.000000
[10154]	3027.999939
[13166]	3057.000000
[14905]	3075.000000
[14960]	3077.000000
[11274]	3097.000000
[11671]	3131.000000
[16306]	3182.000122
[11187]	3229.000000
[12184]	3250.000000
[12066]	3280.000000
[11170]	3284.000000
[10731]	3334.000000
[12627]	3341.000000
[15607]	3344.000000
[10878]	3360.000000
[12007]	3379.000122
[14588]	3427.000000
[15389]	3436.000000
[10011]	3475.000000
[12124]	3515.000000
[11150]	3565.999908
[13459]	3657.000122
[10754]	3748.000031
[11126]	3792.999878
[12915]	3798.000000
[10275]	3836.000000
[16293]	3871.000122
[11699]	3962.000000
[11563]	4052.000046
[14092]	4057.000122
[13388]	4072.000000
[10658]	4076.000000
[14879]	4085.000000
[12891]	4229.000000
[13943]	4243.000000
[11534]	4249.000000
[11928]	4262.000000
[10157]	4354.999878
[13034]	4394.000061
[11308]	4451.000000
[12553]	4452.000000
[14259]	4545.000000
[14842]	4592.000122
[11111]	4605.000000
[14704]	4609.000122
[15411]	4612.000000
[11488]	4684.000000
[16133]	4811.999908
[11654]	4861.000061
[10210]	4887.000000
[13532]	4910.000000
[11070]	4912.000000
[14709]	4947.000000
[11470]	4955.000000
[15022]	4989.000000
[14222]	5024.000000
[10486]	5037.000000
[11907]	5109.000000
[13602]	5138.000000
[14924]	5241.000000
[10150]	5273.000000
[14828]	5307.999939
[13290]	5367.000061
[14645]	5373.000000
[14278]	5387.000122
[14637]	5408.000000
[13306]	5425.999878
[13933]	5467.000122
[10155]	5486.000061
[10608]	5557.999878
[10170]	5562.000092
[11519]	5581.000122
[14303]	5687.000000
[10577]	5689.999817
[14674]	5710.000122
[14314]	5731.999878
[13873]	5738.000107
[12544]	5768.000000
[10676]	5823.000000
[16101]	5839.000122
[10872]	5912.000000
[11695]	5932.999878
[13127]	5958.000000
[10661]	6004.000000
[13970]	6127.999817
[12389]	6190.000000
[10287]	6266.000000
[11950]	6477.999756
[10136]	6510.000000
[11049]	6594.000183
[12012]	6649.000244
[11555]	6711.000000
[10162]	6712.000000
[11778]	6721.000000
[11052]	6744.000000
[16242]	6765.999756
[16218]	6850.000000
[14794]	6871.000000
[16173]	6873.999756
[13139]	6894.000000
[13289]	6996.000122
[16477]	7080.999756
[12223]	7101.000000
[13377]	7140.000000
[16115]	7176.000000
[11793]	7293.000000
[11980]	7357.000000
[14716]	7362.000000
[11577]	7438.000000
[11869]	7440.000000
[12397]	7490.000000
[11122]	7572.999817
[14918]	7584.000000
[13061]	7599.999847
[15626]	7657.000122
[11067]	7664.000000
[13076]	7678.000000
[12819]	7806.000000
[11888]	8121.000000
[12472]	8124.000000
[10758]	8143.000000
[14849]	8260.999756
[14952]	8319.000244
[11617]	8383.000000
[15041]	8480.999878
[14254]	8566.000000
[12156]	8700.000000
[10561]	8752.000366
[10747]	8778.999756
[12917]	8881.999878
[14633]	9126.000000
[11203]	9165.000000
[15295]	9480.000000
[13347]	9495.000000
[14228]	9578.000244
[13184]	9609.999756
[13370]	9692.999634
[13043]	9796.000000
[10185]	9884.999542
[14711]	9982.000000
[12280]	10218.999756
[15718]	10237.000000
[11731]	10390.000000
[16163]	10444.000000
[11337]	10596.999756
[12101]	10624.000000
[16304]	10803.000366
[15192]	11113.000488
[16263]	11162.999634
[10469]	11418.000488
[15023]	11435.000244
[12026]	11450.000000
[15070]	11452.999878
[11185]	11499.000000
[12884]	11703.999756
[10590]	11752.999878
[13795]	11801.000000
[12991]	11940.000000
[15380]	11963.000000
[11982]	12028.000000
[10716]	12230.000244
[13594]	12810.000000
[10551]	12976.999817
[11537]	13104.000000
[15567]	13114.000488
[14698]	13178.999634
[14512]	13741.000000
[11164]	13797.000000
[11413]	13939.999512
[13029]	13941.000000
[14207]	14516.999512
[13277]	14611.000488
[11648]	14736.000000
[11898]	14755.999756
[13476]	15094.000244
[13433]	15304.000122
[14824]	15643.999512
[12003]	15827.999756
[10312]	15903.000244
[15323]	15972.000000
[12951]	16051.999878
[10685]	16095.000000
[11146]	16283.999634
[11612]	16368.000000
[12898]	16525.000000
[13952]	16559.000732
[14098]	16663.000488
[10581]	16676.000000
[14025]	16741.000000
[14457]	16885.000000
[12265]	17005.999756
[10732]	17203.999878
[15513]	17249.000000
[15402]	17345.000000
[16085]	17784.000000
[13502]	17940.000000
[11641]	18126.000000
[10696]	18193.999512
[10434]	18694.999756
[11921]	18849.999390
[11953]	18856.999512
[13218]	19286.999512
[10575]	19530.000000
[12051]	19579.000488
[14814]	19591.000488
[12520]	19728.000000
[15356]	19993.999512
[15027]	20060.000488
[10521]	20351.999512
[13243]	20637.000000
[15595]	20706.000977
[11290]	20959.000000
[13360]	21032.000000
[10638]	21033.999756
[16232]	21722.000977
[11244]	21837.999756
[12094]	22104.000977
[10208]	22489.000488
[11977]	22736.000977
[13422]	23089.000488
[14681]	23375.999023
[14689]	23503.000488
[12206]	23833.999634
[14574]	24143.000732
[10517]	24351.000732
[10408]	24639.000000
[10627]	24714.000000
[10990]	24750.000488
[13486]	24765.000000
[14489]	24844.999512
[11973]	25340.999695
[10911]	25733.000977
[13694]	26019.999756
[11444]	26504.000977
[12523]	26512.999756
[10752]	26586.000977
[10279]	26959.000000
[10357]	27280.000000
[10135]	27406.999268
[15058]	27671.999512
[11140]	28008.999023
[13256]	28134.999512
[15249]	28345.000000
[14108]	28517.999268
[10431]	29598.000732
[12441]	29654.000000
[14252]	29804.999512
[15455]	29874.998535
[10781]	30107.000977
[13264]	30178.999512
[16215]	30402.000000
[14696]	30505.999756
[11823]	30933.000000
[10980]	31467.000000
[11915]	32085.000000
[10877]	32106.999512
[10244]	32400.999023
[14210]	33171.000000
[12323]	33350.998535
[15624]	33481.000977
[13367]	33660.000000
[10620]	33900.000000
[11118]	33946.000000
[14783]	34083.000000
[11252]	34392.000000
[10846]	34758.000000
[14955]	34808.000977
[12073]	35495.998535
[13269]	35602.000000
[11503]	36300.000000
[13165]	36560.001221
[13408]	36900.999023
[12896]	37142.998901
[11603]	37280.000000
[10372]	37481.999512
[13560]	38427.000000
[11721]	38433.999512
[11637]	38439.999512
[16149]	38702.998535
[10415]	39498.000000
[13158]	39579.999512
[12448]	39817.000488
[12693]	39898.998535
[11481]	40523.000000
[14153]	41629.999023
[11624]	41783.000488
[13514]	42794.000000
[12217]	43468.000000
[12651]	44425.001953
[11109]	44478.999023
[11868]	44531.001953
[10666]	44628.000977
[14012]	44678.000000
[10849]	45422.998047
[11630]	45472.000122
[15084]	46275.998535
[10868]	46695.999146
[11003]	47022.000000
[11775]	47752.999390
[16042]	47781.000000
[11651]	48569.000977
[13230]	48659.998535
[10785]	49106.000977
[12945]	49474.000977
[15013]	50485.001465
[12391]	51083.999634
[15258]	51847.998047
[15919]	52236.000977
[12699]	53639.000000
[14717]	53795.000000
[12169]	54287.998047
[12010]	54865.001953
[12966]	56378.000000
[11369]	57459.001465
[10158]	57947.998535
[12402]	57972.998047
[11638]	58215.999023
[12990]	58295.000000
[12278]	61703.000977
[14082]	61887.998047
[14321]	62098.998047
[12197]	62152.002686
[16321]	63811.001465
[10411]	64411.999756
[15412]	65544.001465
[15092]	66076.999023
[14193]	66097.001953
[10874]	66889.997070
[11995]	67792.000732
[11625]	68493.000000
[13577]	69948.000732
[13485]	72870.000732
[14677]	75127.000000
[12986]	75891.000977
[11435]	76682.998047
[11996]	77315.998535
[12992]	77392.001953
[15024]	77548.999023
[14986]	77923.001953
[10711]	78634.000000
[12395]	79638.002930
[13518]	80764.001953
[10466]	81918.000000
[15096]	82771.997559
[13296]	83153.998535
[13156]	84670.998535
[11267]	86144.002930
[14739]	86341.998047
[14685]	92923.004883
[14112]	93676.000488
[12954]	99840.997314
[11988]	104758.999023
[15306]	105288.000000
[11423]	105527.002441
[14576]	105534.000000
[14838]	106113.001465
[10599]	106747.997559
[15370]	109557.004883
[11455]	112129.004883
[11540]	113739.000977
[13605]	113769.995117
[14309]	114670.001953
[11986]	114782.998535
[14286]	119692.002930
[12982]	121583.000000
[13931]	121978.000977
[10257]	122138.995850
[14312]	123841.999512
[12143]	123893.999512
[14066]	124343.994141
[13180]	125185.001953
[11874]	127924.000000
[10713]	128630.003906
[11884]	129358.002197
[14730]	130554.995361
[12016]	130575.999023
[16257]	130940.000000
[14761]	131806.998535
[14832]	137365.993652
[12758]	138617.001953
[14524]	141113.994629
[13851]	142607.000000
[14293]	147264.001465
[14570]	149367.996094
[14262]	149824.003906
[10994]	150176.004150
[15376]	152381.004395
[14307]	153071.002197
[13244]	167032.993652
[10800]	168599.006104
[13891]	175074.994629
[10140]	177831.999512
[10292]	179543.000000
[13871]	184063.000977
[10299]	184827.000000
[12277]	189980.000000
[16217]	192605.000000
[10792]	198278.994141
[16229]	231540.993652
[11760]	233392.994141
[10920]	242187.996094
[12451]	243773.008789
[10529]	246593.998535
[11193]	264400.996094
[13252]	293723.011719
[13830]	305578.988281
[11066]	307304.016602
[13342]	310147.998047
[14122]	336186.990234
[13744]	340609.007813
[11042]	342029.988281
[14683]	351370.003418
[12339]	367358.009766
[14027]	374917.994141
[14893]	399258.015625
[14843]	404640.009766
[14831]	410433.990234
[14492]	427080.985352
[14908]	438832.015137
[13198]	444584.012695
[11032]	458407.984375
[13796]	469831.005859
[13495]	494469.007324
[10693]	513928.012695
[10423]	528248.008789
[12191]	538831.017578
[16271]	541569.013672
[12972]	550525.980469
[15016]	556337.988281
[14635]	631644.982422
[11259]	648826.018066
[14057]	707083.005371
[12173]	809896.004883
[12264]	836831.020020
[14679]	850911.038086
[13232]	884509.960938
[14869]	955201.028320
[15304]	974201.035156
[10821]	1010172.007813
[11278]	1019850.979492
[14100]	1262468.012695
[12953]	1276822.045898
[11697]	1413932.054688
[11433]	1418990.062500
[10721]	1448383.016602
[13487]	1604540.968750
[11618]	1637977.923828
[14747]	1694771.015625
[12266]	1720278.906250
[11057]	1852899.019531
[13303]	1894093.085938
[12889]	1964922.931641
[13204]	1978223.958984
[14771]	2000565.000000
[14107]	2040793.952148
[11292]	2261841.023438
[12478]	2400748.048828
[11298]	2685986.024414
[13930]	3021090.000000
[12892]	3132054.975586
[10397]	4250720.810547
