[10052]	0.000000
[10064]	0.000000
[10085]	0.000000
[10171]	0.000000
[10198]	0.000000
[10209]	0.000000
[10216]	0.000000
[10386]	0.000000
[10409]	0.000000
[10480]	0.000000
[10535]	0.000000
[10562]	0.000000
[10617]	0.000000
[10643]	0.000000
[10817]	0.000000
[10971]	0.000000
[11050]	0.000000
[11086]	0.000000
[11138]	0.000000
[11198]	0.000000
[11204]	0.000000
[11230]	0.000000
[11388]	0.000000
[11415]	0.000000
[11506]	0.000000
[11522]	0.000000
[11548]	0.000000
[11627]	0.000000
[11659]	0.000000
[11799]	0.000000
[11816]	0.000000
[11840]	0.000000
[12018]	0.000000
[12055]	0.000000
[12125]	0.000000
[12132]	0.000000
[12147]	0.000000
[12263]	0.000000
[12324]	0.000000
[12348]	0.000000
[12363]	0.000000
[12436]	0.000000
[12571]	0.000000
[12674]	0.000000
[12742]	0.000000
[12773]	0.000000
[12933]	0.000000
[12938]	0.000000
[12956]	0.000000
[12957]	0.000000
[13024]	0.000000
[13081]	0.000000
[13097]	0.000000
[13113]	0.000000
[13153]	0.000000
[13226]	0.000000
[13246]	0.000000
[13261]	0.000000
[13295]	0.000000
[13297]	0.000000
[13464]	0.000000
[13472]	0.000000
[13501]	0.000000
[13525]	0.000000
[13540]	0.000000
[13587]	0.000000
[13616]	0.000000
[13629]	0.000000
[13757]	0.000000
[13785]	0.000000
[13788]	0.000000
[13809]	0.000000
[13856]	0.000000
[13890]	0.000000
[13947]	0.000000
[13975]	0.000000
[14004]	0.000000
[14013]	0.000000
[14030]	0.000000
[14115]	0.000000
[14196]	0.000000
[14467]	0.000000
[14553]	0.000000
[14561]	0.000000
[14617]	0.000000
[14807]	0.000000
[14871]	0.000000
[14886]	0.000000
[15018]	0.000000
[15053]	0.000000
[15060]	0.000000
[15113]	0.000000
[15129]	0.000000
[15208]	0.000000
[15256]	0.000000
[15310]	0.000000
[15343]	0.000000
[15458]	0.000000
[15463]	0.000000
[15534]	0.000000
[15601]	0.000000
[15603]	0.000000
[15774]	0.000000
[15842]	0.000000
[15885]	0.000000
[16128]	0.000000
[16443]	0.000000
[16696]	0.000000
[10569]	1.000000
[10938]	1.000000
[11628]	1.000000
[11728]	1.000000
[12591]	1.000000
[12914]	1.000000
[13450]	1.000000
[14003]	1.000000
[14239]	1.000000
[14530]	1.000000
[14577]	1.000000
[15069]	1.000000
[15708]	1.000000
[16520]	1.000000
[14493]	1.000000
[10050]	2.000000
[10746]	2.000000
[10970]	2.000000
[11215]	2.000000
[11681]	2.000000
[11961]	2.000000
[12252]	2.000000
[12394]	2.000000
[12785]	2.000000
[12955]	2.000000
[13574]	2.000000
[13693]	2.000000
[13781]	2.000000
[14744]	2.000000
[15020]	2.000000
[15091]	2.000000
[15934]	2.000000
[16016]	2.000000
[16710]	2.000000
[15618]	2.000000
[10005]	3.000000
[10015]	3.000000
[10324]	3.000000
[11036]	3.000000
[11241]	3.000000
[11842]	3.000000
[12079]	3.000000
[12705]	3.000000
[12857]	3.000000
[13239]	3.000000
[13564]	3.000000
[14167]	3.000000
[14182]	3.000000
[15232]	3.000000
[15446]	3.000000
[15448]	3.000000
[15472]	3.000000
[15504]	3.000000
[15838]	3.000000
[16543]	3.000000
[13667]	3.000000
[10890]	4.000000
[11223]	4.000000
[11367]	4.000000
[11714]	4.000000
[11949]	4.000000
[13418]	4.000000
[13984]	4.000000
[14255]	4.000000
[14863]	4.000000
[15163]	4.000000
[15278]	4.000000
[16575]	4.000000
[14046]	5.000000
[11392]	5.000000
[11495]	5.000000
[11720]	5.000000
[11899]	5.000000
[12222]	5.000000
[12771]	5.000000
[12944]	5.000000
[13381]	5.000000
[14295]	5.000000
[15081]	5.000000
[15879]	5.000000
[15881]	5.000000
[16429]	5.000000
[10042]	6.000000
[10325]	6.000000
[16310]	6.000000
[16540]	6.000000
[11456]	7.000000
[10630]	7.000000
[10923]	7.000000
[10965]	7.000000
[11512]	7.000000
[11646]	7.000000
[12320]	7.000000
[13958]	7.000000
[13987]	7.000000
[14557]	7.000000
[15160]	7.000000
[15385]	7.000000
[15793]	7.000000
[16634]	7.000000
[11431]	8.000000
[11619]	8.000000
[11947]	8.000000
[12886]	8.000000
[13016]	8.000000
[13599]	8.000000
[14736]	8.000000
[15250]	8.000000
[14229]	9.000000
[14897]	9.000000
[15604]	9.000000
[15754]	9.000000
[16345]	9.000000
[10815]	10.000000
[11245]	10.000000
[14050]	10.000000
[15853]	10.000000
[12866]	11.000000
[14119]	11.000000
[14477]	11.000000
[14628]	11.000000
[16479]	11.000000
[11545]	12.000000
[12633]	12.000000
[14898]	12.000000
[10278]	13.000000
[10956]	13.000000
[12720]	13.000000
[12987]	13.000000
[13415]	13.000000
[15325]	13.000000
[11790]	13.000000
[12900]	13.000000
[14268]	13.000000
[11924]	14.000000
[13094]	14.000000
[12141]	15.000000
[12621]	15.000000
[15086]	15.000000
[11484]	16.000000
[12294]	17.000000
[12638]	18.000000
[12663]	18.000000
[13111]	18.000000
[10243]	19.000000
[16010]	20.000000
[12370]	21.000000
[14987]	22.000000
[12315]	22.000000
[10329]	24.000000
[11041]	24.000000
[13535]	24.000000
[12635]	24.000001
[13676]	25.000000
[14712]	25.999999
[12653]	26.000001
[11317]	27.000000
[15153]	27.000000
[15061]	28.000000
[10933]	30.000000
[11511]	30.000000
[15236]	30.999999
[13704]	33.000000
[14559]	33.000000
[11643]	34.000000
[12390]	34.000000
[14062]	35.000000
[14273]	35.000000
[15231]	36.000000
[13715]	36.999999
[10237]	37.000000
[11000]	39.000000
[11463]	39.000000
[15843]	39.000000
[14880]	39.000001
[11028]	40.999999
[11053]	41.000000
[11834]	41.000000
[12641]	41.999998
[12784]	41.999998
[12671]	43.000000
[15628]	43.000000
[12185]	45.999999
[15171]	45.999999
[13826]	46.000000
[13936]	46.000000
[14218]	48.000000
[14816]	49.000001
[10313]	49.999998
[12681]	50.000000
[13200]	50.000000
[15012]	50.000000
[10783]	51.000000
[12748]	55.999998
[11233]	56.000000
[15381]	56.000000
[14656]	59.000000
[14282]	59.000001
[13618]	60.000000
[10996]	61.999998
[11453]	63.000000
[14692]	63.000000
[12737]	64.000002
[12755]	66.000000
[13439]	67.000000
[11007]	72.000000
[12235]	73.999998
[12676]	73.999998
[11859]	75.000000
[12868]	76.999998
[12841]	77.000000
[13714]	79.000000
[15532]	79.000000
[16178]	80.000000
[12087]	81.999998
[14535]	83.000000
[15725]	86.000000
[10910]	87.000000
[13397]	88.000000
[11216]	92.000000
[10961]	93.000000
[12253]	94.000000
[11586]	95.000000
[13934]	95.000000
[16428]	96.999996
[11711]	97.000000
[11952]	101.000000
[13087]	102.000000
[13863]	102.000000
[15085]	103.999996
[15709]	103.999998
[16390]	105.000000
[16567]	105.000000
[11411]	107.000004
[11025]	109.000000
[12131]	110.000000
[12883]	110.000000
[12772]	111.000000
[15293]	111.000004
[12615]	113.000004
[14197]	114.000000
[14397]	114.000000
[16091]	115.000005
[15074]	116.000000
[13806]	116.000004
[10204]	117.000000
[14125]	119.000004
[12207]	123.000000
[15794]	123.999996
[12494]	125.000000
[12721]	125.000000
[11684]	126.000000
[14943]	126.000000
[10349]	126.999996
[11214]	127.000000
[12012]	128.000000
[10396]	128.000002
[10221]	129.000000
[13579]	131.000004
[11283]	134.000000
[11719]	135.000000
[10674]	139.000000
[13221]	141.000000
[15569]	141.000000
[14475]	145.000000
[14474]	148.000000
[12882]	149.000000
[12815]	156.000000
[12190]	156.999996
[10654]	158.000000
[15167]	158.000005
[13767]	159.999996
[16031]	162.000000
[15245]	163.000000
[10322]	164.000000
[12902]	166.000000
[11997]	167.000000
[10184]	171.000000
[13467]	171.000000
[12798]	172.000000
[10165]	173.000000
[13768]	177.000008
[14919]	180.999996
[14534]	181.000000
[12878]	183.000000
[10272]	184.000000
[12652]	185.000000
[15406]	185.000000
[10139]	185.000002
[14627]	186.999996
[14237]	188.000000
[14804]	189.999996
[11441]	191.000000
[11910]	191.000000
[13196]	192.000000
[12245]	193.000000
[14288]	193.000000
[13461]	201.999996
[14488]	202.000000
[15581]	202.000008
[10884]	203.000000
[14565]	203.000000
[14895]	207.999992
[11399]	210.000000
[13710]	211.000000
[11092]	212.000000
[13504]	215.000000
[11085]	217.000000
[10775]	219.000000
[15598]	223.000000
[15582]	224.000000
[15798]	224.000004
[12214]	224.999996
[11908]	225.000000
[15057]	225.000000
[15721]	226.000004
[10558]	226.999992
[10416]	227.999992
[12174]	229.999998
[12610]	230.000000
[14856]	234.000000
[14088]	237.000000
[13348]	239.000000
[16647]	241.000000
[10338]	243.000000
[14054]	243.000000
[11531]	247.000008
[13182]	253.000000
[15124]	253.000008
[11879]	254.000000
[11941]	256.000002
[13032]	257.000000
[11535]	258.000004
[12822]	259.000008
[10241]	265.000008
[12704]	267.999992
[15257]	274.999992
[10950]	275.000000
[12844]	277.999992
[16267]	278.000000
[13341]	283.999996
[11468]	288.000000
[13862]	288.000000
[12769]	288.999992
[10540]	293.999992
[10444]	294.000000
[11845]	294.000000
[12268]	294.000000
[10247]	295.000000
[10640]	300.000000
[12559]	300.000000
[14738]	304.000008
[11588]	305.000000
[14120]	306.000000
[14875]	309.000000
[15282]	310.000000
[12649]	310.999992
[15861]	310.999992
[10557]	314.000000
[12899]	315.000000
[13434]	316.999994
[13520]	320.000015
[10225]	323.000000
[13176]	325.000000
[10405]	327.000000
[15887]	328.999992
[11615]	330.000000
[13942]	331.999989
[15862]	333.000011
[14805]	339.000000
[12321]	340.000000
[12719]	340.000011
[13369]	346.999998
[14234]	348.000011
[12375]	352.000000
[12412]	352.000000
[10414]	356.000000
[12455]	356.000000
[11225]	357.000000
[10925]	361.000000
[11931]	362.000000
[11063]	365.000000
[10967]	366.000000
[14802]	375.000000
[16322]	375.000000
[10298]	376.000000
[13490]	376.000000
[14130]	376.000019
[14470]	378.000000
[15785]	379.999992
[14648]	380.000000
[13121]	381.000000
[14306]	382.000000
[15115]	382.000000
[11197]	388.000000
[14718]	394.000008
[11492]	397.999990
[14168]	403.000000
[14065]	405.000000
[11123]	406.999992
[12845]	407.000000
[14131]	407.000000
[14539]	410.000000
[14102]	416.000000
[15246]	416.000000
[15049]	420.999985
[12855]	421.000008
[13746]	424.000000
[15051]	426.000000
[13832]	438.000000
[13484]	441.000000
[12851]	443.000004
[12831]	444.999985
[11447]	449.000000
[12709]	453.000000
[12195]	453.000019
[13966]	455.000000
[13770]	457.000000
[16191]	457.000000
[14942]	464.000015
[13109]	465.000011
[11227]	467.999977
[12708]	469.999992
[10744]	483.000000
[12549]	484.000008
[15741]	488.000011
[15554]	490.000000
[16166]	492.000008
[13894]	497.999989
[15570]	501.999985
[10589]	502.000000
[12779]	502.999985
[12239]	507.000000
[14733]	507.000000
[15483]	509.000000
[11833]	509.999977
[10148]	512.000000
[11725]	513.000000
[15454]	514.000000
[11762]	515.000015
[15147]	523.000000
[14458]	526.000000
[10917]	528.000000
[14797]	532.000000
[14275]	533.999989
[13604]	539.000000
[10333]	551.000015
[12255]	552.000000
[11288]	570.000000
[13282]	570.000000
[15994]	571.000000
[15502]	572.000008
[13398]	578.000015
[14745]	587.000015
[12171]	600.000000
[15138]	609.000000
[12343]	611.000000
[16261]	621.000000
[12728]	639.000000
[15374]	641.000000
[12922]	650.000000
[10194]	652.999992
[13543]	674.000000
[13614]	680.000000
[12175]	694.000000
[10930]	697.000000
[15130]	697.000000
[13211]	704.000000
[11764]	705.000000
[13799]	708.000000
[12876]	713.000000
[11550]	731.000015
[16253]	733.000000
[15174]	748.000000
[15855]	748.000000
[12335]	757.000000
[13194]	765.000000
[15632]	789.000000
[15210]	805.000000
[12932]	809.000000
[16233]	814.000000
[12519]	828.000000
[14485]	829.999985
[14186]	849.000000
[13162]	851.000000
[10613]	852.000000
[12853]	868.999969
[16476]	897.000000
[13541]	899.999985
[14451]	900.000000
[11844]	918.999985
[10470]	926.000000
[16078]	935.999985
[14109]	945.000000
[10621]	947.000000
[15125]	948.000000
[13964]	951.000000
[12888]	955.000000
[11345]	972.000000
[10647]	984.000000
[12920]	984.000000
[11372]	990.000000
[15841]	991.000031
[10918]	993.000000
[15991]	1009.000000
[14231]	1015.999969
[11301]	1018.000000
[12849]	1022.000000
[13654]	1031.000000
[13388]	1042.999969
[15237]	1045.000000
[14789]	1057.000000
[13628]	1066.000000
[10448]	1082.000000
[10482]	1087.000000
[10954]	1114.000000
[10559]	1125.999962
[12807]	1130.999992
[11525]	1155.000000
[13692]	1155.000000
[12177]	1156.000000
[10545]	1162.000000
[14991]	1168.000000
[11160]	1199.000000
[12969]	1201.000000
[15478]	1217.999992
[14543]	1245.000000
[11315]	1249.999969
[10304]	1255.000046
[14256]	1269.000000
[11587]	1290.000000
[12180]	1294.000000
[10739]	1296.000000
[15579]	1318.000031
[11027]	1320.000000
[11730]	1321.000000
[13002]	1348.000000
[13829]	1351.000000
[10280]	1352.000000
[10361]	1357.000000
[10926]	1377.000000
[12129]	1378.000031
[10929]	1382.000000
[12365]	1384.000000
[13900]	1392.000000
[11013]	1440.000000
[13068]	1452.000000
[15008]	1465.000000
[12250]	1478.000000
[11108]	1497.000000
[14722]	1532.000000
[13344]	1557.000000
[14582]	1557.000000
[14583]	1561.000000
[14520]	1580.000061
[12094]	1595.000000
[13166]	1603.000000
[13169]	1616.000000
[15584]	1620.000000
[16252]	1626.000000
[11905]	1660.000000
[14150]	1676.000061
[13983]	1679.000061
[11332]	1730.000061
[11471]	1768.000000
[14006]	1768.000000
[15317]	1793.000000
[11445]	1797.000061
[10631]	1801.000000
[10245]	1812.000046
[16171]	1812.999939
[14022]	1816.000000
[11336]	1827.000000
[14496]	1828.000000
[16306]	1871.000000
[11503]	1875.999985
[10779]	1879.000000
[10141]	1891.000000
[13048]	1923.000000
[16268]	1926.999939
[15048]	1967.000000
[11082]	2004.000000
[13095]	2005.000000
[11867]	2009.000061
[14081]	2014.000000
[10268]	2020.000000
[13241]	2053.000000
[11076]	2057.000061
[15643]	2078.000000
[11865]	2085.000000
[16097]	2097.000000
[10728]	2153.000000
[15868]	2154.000000
[14819]	2157.999939
[13957]	2177.000000
[11170]	2183.000061
[11172]	2215.000000
[13105]	2224.000000
[12164]	2283.999939
[11097]	2300.000000
[12244]	2318.000031
[11075]	2381.000000
[12492]	2388.000092
[12511]	2391.000000
[15389]	2436.000000
[15215]	2497.000000
[12119]	2515.000000
[14113]	2552.000000
[15041]	2569.000000
[15497]	2571.000000
[14960]	2592.999939
[15401]	2601.000000
[10717]	2613.999939
[14992]	2623.000000
[14299]	2627.000000
[10146]	2651.000061
[10878]	2692.000000
[13502]	2754.000000
[10011]	2790.000000
[10568]	2856.000000
[11126]	2904.000000
[14945]	2904.000000
[12184]	2925.999985
[11274]	2965.000000
[14487]	3024.000000
[11671]	3055.000000
[12124]	3101.000000
[15607]	3131.000000
[12007]	3197.000000
[11534]	3210.000000
[10754]	3254.999969
[14905]	3280.000122
[11187]	3291.000000
[16293]	3291.000000
[10731]	3383.000000
[14588]	3396.000000
[10154]	3431.000061
[12915]	3467.000000
[11150]	3512.000000
[12553]	3652.000000
[13034]	3658.999878
[14092]	3787.000000
[11654]	3801.000000
[13459]	3814.000122
[10486]	3848.000000
[12066]	3862.000000
[11699]	3911.000000
[14278]	3918.000000
[10275]	3921.000000
[13306]	3967.000000
[15411]	4008.000000
[11907]	4012.000122
[13532]	4048.000000
[10658]	4151.000000
[11308]	4187.000000
[12891]	4201.000000
[14924]	4214.000000
[14637]	4259.000000
[11563]	4301.000122
[14051]	4308.000000
[14879]	4336.000000
[14709]	4345.000122
[16115]	4372.000122
[14259]	4393.999878
[10150]	4425.000000
[11519]	4499.000000
[16133]	4538.000000
[14842]	4552.999878
[16304]	4644.000122
[14704]	4657.999878
[12627]	4705.000000
[13873]	4705.000076
[10155]	4728.000000
[11070]	4731.000000
[10676]	4818.000000
[11470]	4833.000000
[14828]	4868.000122
[13625]	4932.000000
[13290]	5053.000000
[10157]	5113.000122
[11111]	5113.999878
[10210]	5237.000000
[13970]	5261.999786
[13933]	5326.000000
[15022]	5335.000122
[12389]	5362.999878
[11049]	5371.000122
[14222]	5376.000000
[14645]	5422.000122
[11980]	5460.000000
[13602]	5472.000000
[10872]	5496.000000
[11695]	5536.000000
[12544]	5583.999878
[13289]	5589.000122
[10661]	5664.000000
[11950]	5686.000122
[16101]	5687.000000
[14303]	5691.000000
[11793]	5701.000000
[16218]	5835.000000
[14314]	5861.000000
[15626]	5957.999878
[13127]	6039.000000
[10170]	6045.999847
[10577]	6063.000000
[11052]	6072.000000
[13943]	6117.000000
[14674]	6189.000000
[12223]	6267.999756
[11778]	6336.000000
[16477]	6450.999756
[16173]	6479.000244
[10394]	6485.000000
[14794]	6599.000000
[13139]	6735.000000
[10136]	6807.000000
[10747]	6817.000366
[16242]	6857.000244
[11555]	6986.000000
[12472]	7002.000000
[10561]	7067.999878
[10608]	7099.000000
[13061]	7138.999939
[11928]	7152.000000
[14254]	7209.000000
[11577]	7238.000000
[14716]	7242.000122
[10287]	7257.000000
[11122]	7267.999878
[14849]	7272.000000
[11067]	7315.000000
[13076]	7381.000000
[11869]	7399.000000
[13594]	7422.999878
[13377]	7451.000000
[15192]	7679.000244
[13370]	7698.000000
[11488]	7882.000000
[13347]	7985.999817
[12397]	8012.000244
[10372]	8030.000061
[12441]	8171.000000
[12156]	8184.000000
[14512]	8310.000000
[14952]	8330.000244
[11888]	8376.999756
[10590]	8383.000031
[12917]	8468.000061
[10162]	8485.000000
[12819]	8540.000244
[11617]	8579.000244
[15295]	8597.000427
[12101]	8899.000000
[10185]	9106.999786
[14633]	9432.000122
[14711]	9501.000366
[13043]	9525.000000
[11731]	9738.000000
[16163]	9821.000000
[11203]	9946.000244
[11185]	10047.000000
[10716]	10099.000244
[15566]	10125.999756
[10758]	10338.000000
[11337]	10360.000000
[11982]	10535.000000
[12280]	10572.000000
[13184]	10769.000000
[12265]	10807.000244
[16263]	11223.999756
[11537]	11277.999756
[15070]	11360.999756
[14918]	11485.000000
[11164]	11493.000000
[14228]	11608.000000
[14025]	11633.000000
[12026]	11714.000244
[15718]	12151.000000
[12884]	12315.000366
[10312]	12356.000000
[11413]	12365.999756
[14207]	12420.000000
[15567]	12424.000000
[13433]	12474.000000
[15023]	12487.000488
[13795]	12514.000000
[12898]	12527.000000
[14698]	12715.000122
[11898]	12801.000366
[10469]	13179.000000
[13029]	13263.000000
[12003]	13461.000000
[11244]	13546.999512
[11648]	13742.000244
[10551]	14226.999268
[14824]	14566.999878
[15380]	14655.000000
[10732]	14808.999512
[13277]	14980.999512
[13476]	15488.000000
[10685]	15898.000488
[11921]	15976.000244
[15027]	15981.999756
[10752]	16135.000000
[15323]	16213.999512
[12520]	16480.999512
[15513]	16523.000000
[11612]	16595.000000
[12951]	16612.000488
[15402]	16886.000000
[14098]	17032.000488
[11953]	17323.000488
[13218]	17350.999756
[10581]	17352.000732
[11290]	17432.000000
[14457]	17500.000000
[12991]	17761.000000
[14681]	17948.999390
[10638]	18141.000000
[11146]	18224.000488
[11641]	18809.999756
[16085]	18935.000244
[10575]	19046.000000
[10434]	19395.000000
[13952]	19950.000732
[13694]	20263.000488
[12206]	20470.999817
[14814]	20650.000000
[13360]	20730.000000
[10627]	20828.000488
[16232]	21245.000000
[15356]	22417.999512
[10696]	22845.000000
[13243]	23161.999512
[13422]	23251.999512
[14489]	23452.000488
[12051]	23701.999512
[15455]	23833.000000
[11977]	24002.000000
[10911]	24078.000000
[14689]	24096.999878
[10408]	24311.000000
[13256]	24456.999512
[13269]	24528.999756
[10521]	24703.000000
[14574]	24845.000610
[12523]	24920.000244
[10990]	25005.999756
[15595]	25043.000732
[11973]	25092.000000
[14108]	25442.999268
[10846]	25725.999023
[11140]	25796.999268
[13486]	25856.000244
[10279]	26308.000488
[12073]	26540.000000
[10135]	27148.999268
[15249]	28296.000000
[10517]	28908.999023
[11444]	28947.000000
[14696]	29183.000977
[11915]	29416.000977
[13264]	29422.000000
[15058]	29430.000000
[10781]	29451.999512
[10244]	29620.000000
[14252]	29898.999023
[10849]	30552.000732
[10431]	30969.000000
[11637]	30979.000000
[16149]	31166.000000
[13367]	31176.999023
[10208]	31487.000000
[10620]	31498.999023
[11823]	31595.998779
[11252]	31954.000000
[14955]	32120.000244
[10357]	32261.000000
[12323]	32418.000977
[16215]	32702.000977
[10877]	32848.000488
[11630]	33142.000488
[11624]	33327.000244
[10980]	33580.999512
[14783]	33818.001465
[15624]	34495.000000
[12896]	35354.001465
[11868]	35982.999756
[13158]	36022.001221
[11721]	36069.001465
[14210]	36510.999023
[13408]	36611.999512
[12693]	36800.001465
[14012]	36853.000000
[11603]	36882.000000
[12699]	37548.000000
[10415]	37634.000977
[14153]	38067.001465
[12010]	39115.000000
[11481]	39239.000977
[15084]	39474.000000
[12448]	39717.000000
[10666]	39728.999756
[13560]	39896.000000
[11775]	40471.000977
[12990]	41180.000000
[13514]	41300.000000
[14717]	41706.000000
[11003]	42012.001221
[11118]	42217.000977
[12217]	43371.000000
[12169]	43474.000000
[12651]	44497.001953
[10785]	44931.998779
[14082]	45484.000732
[15013]	45536.001465
[16042]	46704.999023
[13230]	47093.001709
[11109]	47865.000000
[12402]	48234.000000
[10868]	48704.998535
[15919]	51835.998535
[10158]	51906.002441
[10466]	52156.001953
[12391]	52444.999268
[15258]	52466.000977
[12945]	55040.997559
[11369]	55481.000977
[10874]	57305.000977
[14677]	57995.998047
[11625]	58254.998047
[11638]	59416.000488
[14986]	60223.002930
[12278]	60803.000610
[10411]	62323.000000
[15024]	64022.001953
[12197]	64046.002197
[12986]	64338.000977
[15412]	65041.998047
[14193]	65621.998535
[14321]	66227.001221
[11651]	68739.997559
[14112]	69642.999390
[13165]	69973.001953
[16321]	71214.000000
[10711]	71259.001465
[12395]	72077.998535
[15092]	73374.000000
[11995]	73559.998291
[13485]	74583.002441
[14739]	77242.997559
[14838]	77647.000488
[12992]	77897.998535
[11996]	81360.003906
[12966]	81479.997070
[15096]	82028.001709
[11435]	84325.996094
[14312]	85511.000244
[13577]	85588.000488
[13518]	86196.000000
[11267]	88271.999512
[13156]	89158.996582
[13296]	89634.999023
[13605]	93088.000488
[11423]	94662.998047
[12954]	97693.997070
[14685]	98723.997070
[15306]	99957.996094
[14286]	101370.999023
[12016]	101563.998047
[14576]	102289.003906
[15370]	103278.997192
[11455]	103707.000000
[11540]	103958.001343
[14262]	105605.995605
[11988]	106632.995117
[14761]	107290.999512
[10599]	108392.997070
[13180]	109112.003906
[12982]	109321.003418
[14309]	110536.998047
[11874]	111186.003174
[11986]	113297.000488
[12758]	113550.000000
[14832]	114901.001953
[10257]	116168.004639
[16257]	117774.001953
[10713]	119447.002441
[14066]	120080.002441
[12143]	120109.000000
[11884]	125255.000000
[14293]	127677.996094
[15376]	130719.001465
[14570]	132615.999756
[13931]	134822.004883
[13851]	138334.998047
[14730]	140162.999512
[14524]	148815.996094
[14307]	158084.000977
[16217]	161496.994141
[13244]	162651.991455
[10299]	163400.998169
[10994]	165600.004395
[10800]	166232.995605
[13871]	168464.003906
[13891]	175351.008301
[10140]	180240.993652
[12277]	189435.000000
[10792]	190691.994385
[16229]	206518.007813
[10292]	213273.005859
[12451]	230586.005859
[11760]	248997.009766
[13252]	260429.994141
[10529]	262012.999023
[13830]	262245.000000
[13744]	262461.992188
[11193]	277173.993652
[10920]	283262.992188
[14027]	287417.000000
[13342]	291607.004883
[11066]	292953.999023
[14122]	317034.989746
[14683]	335248.992920
[11042]	339469.015625
[14843]	343090.999512
[12339]	372055.004883
[11032]	373211.007813
[14893]	389370.988281
[14635]	400318.003418
[14831]	420100.983887
[13198]	430257.013184
[14908]	431345.986816
[14492]	447703.996094
[13796]	464456.015625
[16271]	486677.016602
[12191]	495738.990234
[10423]	495912.008789
[13495]	502551.000000
[10693]	523228.989258
[15016]	561497.997070
[12972]	615302.982422
[11259]	622766.015625
[14057]	698666.992188
[12173]	738183.023438
[15304]	800685.004395
[14679]	833105.988281
[12264]	846630.998535
[14869]	851123.976563
[13232]	962549.013672
[11278]	1009741.031250
[10821]	1033958.961914
[11697]	1182119.018555
[12953]	1244047.027344
[14100]	1247921.929688
[11433]	1449544.927734
[13487]	1453075.969727
[10721]	1469443.069336
[12266]	1544783.036133
[11618]	1654333.937500
[13303]	1698434.912109
[14747]	1705599.962891
[14107]	1739877.036133
[13204]	1743632.968750
[12889]	1866513.955078
[11057]	1874834.991211
[14771]	2044580.039063
[11292]	2112535.916016
[12478]	2410652.044922
[11298]	2478886.904297
[13930]	3100172.958984
[12892]	3110676.953125
[10397]	4224964.880859
