[10164]	0.000000
[10194]	0.000000
[10209]	0.000000
[10284]	0.000000
[10386]	0.000000
[10480]	0.000000
[10535]	0.000000
[10562]	0.000000
[10617]	0.000000
[10817]	0.000000
[10946]	0.000000
[10952]	0.000000
[10970]	0.000000
[10971]	0.000000
[11002]	0.000000
[11050]	0.000000
[11058]	0.000000
[11086]	0.000000
[11198]	0.000000
[11204]	0.000000
[11388]	0.000000
[11415]	0.000000
[11418]	0.000000
[11430]	0.000000
[11479]	0.000000
[11495]	0.000000
[11522]	0.000000
[11816]	0.000000
[11938]	0.000000
[12018]	0.000000
[12054]	0.000000
[12055]	0.000000
[12125]	0.000000
[12132]	0.000000
[12147]	0.000000
[12228]	0.000000
[12252]	0.000000
[12263]	0.000000
[12324]	0.000000
[12436]	0.000000
[12591]	0.000000
[12598]	0.000000
[12745]	0.000000
[12869]	0.000000
[12938]	0.000000
[12956]	0.000000
[12957]	0.000000
[13024]	0.000000
[13081]	0.000000
[13113]	0.000000
[13153]	0.000000
[13226]	0.000000
[13246]	0.000000
[13295]	0.000000
[13297]	0.000000
[13307]	0.000000
[13464]	0.000000
[13501]	0.000000
[13540]	0.000000
[13587]	0.000000
[13629]	0.000000
[13667]	0.000000
[13757]	0.000000
[13771]	0.000000
[13785]	0.000000
[13788]	0.000000
[13809]	0.000000
[13890]	0.000000
[13947]	0.000000
[14004]	0.000000
[14013]	0.000000
[14115]	0.000000
[14196]	0.000000
[14380]	0.000000
[14467]	0.000000
[14553]	0.000000
[14561]	0.000000
[14807]	0.000000
[14863]	0.000000
[14871]	0.000000
[14886]	0.000000
[15043]	0.000000
[15045]	0.000000
[15053]	0.000000
[15063]	0.000000
[15090]	0.000000
[15091]	0.000000
[15113]	0.000000
[15118]	0.000000
[15129]	0.000000
[15256]	0.000000
[15273]	0.000000
[15343]	0.000000
[15458]	0.000000
[15601]	0.000000
[15603]	0.000000
[15610]	0.000000
[15774]	0.000000
[15842]	0.000000
[15973]	0.000000
[16128]	0.000000
[16634]	0.000000
[16668]	0.000000
[10324]	1.000000
[10770]	1.000000
[10936]	1.000000
[10938]	1.000000
[11036]	1.000000
[11215]	1.000000
[11885]	1.000000
[11993]	1.000000
[12287]	1.000000
[12599]	1.000000
[12622]	1.000000
[12773]	1.000000
[12914]	1.000000
[12933]	1.000000
[13311]	1.000000
[13574]	1.000000
[14255]	1.000000
[14430]	1.000000
[14551]	1.000000
[14898]	1.000000
[15183]	1.000000
[16340]	1.000000
[16603]	1.000000
[16721]	1.000000
[16722]	1.000000
[10085]	2.000000
[11000]	2.000000
[11025]	2.000000
[11176]	2.000000
[11230]	2.000000
[11813]	2.000000
[11961]	2.000000
[12348]	2.000000
[12743]	2.000000
[12785]	2.000000
[12854]	2.000000
[12870]	2.000000
[13418]	2.000000
[13505]	2.000000
[13674]	2.000000
[13714]	2.000000
[13936]	2.000000
[14229]	2.000000
[14785]	2.000000
[15254]	2.000000
[15731]	2.000000
[10042]	3.000000
[10181]	3.000000
[10857]	3.000000
[11367]	3.000000
[11512]	3.000000
[11676]	3.000000
[11790]	3.000000
[11899]	3.000000
[12983]	3.000000
[14268]	3.000000
[15020]	3.000000
[15548]	3.000000
[15847]	3.000000
[15885]	3.000000
[16311]	3.000000
[16715]	3.000000
[10171]	4.000000
[10198]	4.000000
[11041]	4.000000
[11431]	4.000000
[11681]	4.000000
[11720]	4.000000
[11789]	4.000000
[12068]	4.000000
[12705]	4.000000
[12771]	4.000000
[12782]	4.000000
[13125]	4.000000
[14987]	4.000000
[14996]	4.000000
[15634]	4.000000
[16479]	4.000000
[16520]	4.000000
[16682]	4.000000
[11098]	5.000000
[13731]	5.000000
[10670]	5.000000
[10678]	5.000000
[11106]	5.000000
[11174]	5.000000
[11245]	5.000000
[12583]	5.000000
[13693]	5.000000
[14050]	5.000000
[15278]	5.000000
[16463]	5.000000
[10630]	6.000000
[10730]	6.000000
[10923]	6.000000
[10927]	6.000000
[13350]	6.000000
[13749]	6.000000
[14295]	6.000000
[14493]	6.000000
[15472]	6.000000
[14477]	7.000000
[12697]	7.000000
[13987]	7.000000
[15504]	7.000000
[11728]	8.000000
[11994]	8.000000
[12078]	8.000000
[12934]	8.000000
[14270]	8.000000
[14686]	8.000000
[10965]	8.000000
[14046]	8.000000
[14577]	8.000000
[11241]	9.000000
[11392]	9.000000
[12857]	9.000000
[13381]	9.000000
[13672]	9.000000
[15604]	9.000000
[16256]	9.000000
[15618]	10.000000
[10278]	10.000000
[10633]	10.000000
[11628]	10.000000
[12987]	10.000000
[15448]	10.000000
[16599]	10.000000
[11619]	11.000000
[12633]	11.000000
[13111]	11.000000
[13535]	11.000000
[13564]	11.000000
[14320]	11.000000
[14628]	11.000000
[12720]	12.000000
[15856]	12.000000
[12294]	12.000000
[15236]	13.000000
[10327]	13.000000
[15385]	13.000000
[11924]	13.000000
[16310]	13.000000
[13715]	14.000000
[15250]	14.000000
[14712]	14.000000
[10322]	14.000000
[12370]	14.000000
[15793]	14.000000
[15934]	14.000000
[11421]	15.000000
[12315]	15.000000
[12866]	15.000000
[15853]	15.000000
[13415]	16.000000
[12108]	16.000000
[13676]	16.000000
[11646]	17.000000
[14897]	17.000000
[13016]	18.000000
[11842]	19.000000
[13884]	19.000000
[12621]	20.000000
[12638]	20.000000
[12141]	20.000000
[12847]	20.000000
[10996]	21.000000
[12653]	21.000000
[15381]	21.000000
[15061]	22.000000
[16345]	22.000000
[12900]	23.000000
[11053]	23.000000
[11463]	23.000000
[11675]	23.000000
[11484]	24.999999
[14880]	24.999999
[11028]	26.000000
[16719]	28.000000
[10933]	29.000000
[11711]	29.000000
[12222]	29.000001
[11317]	30.000000
[13094]	30.000000
[14397]	30.000000
[16540]	30.000000
[12185]	31.000000
[12641]	31.000000
[15754]	32.000000
[14282]	34.000000
[13536]	35.000000
[15160]	35.000000
[10237]	36.000000
[11559]	36.000000
[14572]	38.000000
[13704]	38.000001
[12574]	39.000000
[12737]	39.000000
[10005]	40.000000
[13003]	40.000000
[12784]	40.999999
[12663]	41.000000
[10243]	44.000000
[14028]	47.000000
[11200]	48.000000
[14119]	49.000002
[11643]	49.999999
[15843]	51.000000
[12748]	53.000000
[12671]	54.000000
[15171]	55.000002
[13826]	56.000000
[14468]	57.000000
[14559]	57.000000
[11007]	58.000000
[10313]	58.999998
[10783]	58.999998
[12635]	59.000001
[10683]	62.000000
[14273]	63.000000
[15231]	63.000000
[11545]	64.000000
[14656]	64.000000
[10540]	64.000000
[14816]	64.000001
[13200]	69.000000
[13618]	69.000000
[12868]	69.000001
[10216]	70.000002
[11453]	71.000000
[15725]	71.000000
[11859]	72.000000
[11719]	73.000000
[12363]	73.000000
[15012]	80.000000
[14218]	81.000000
[12755]	84.000000
[11411]	85.000000
[15154]	85.000000
[15245]	85.000000
[14275]	85.999998
[10298]	86.000000
[12681]	86.000000
[12235]	88.999996
[12390]	88.999998
[11216]	92.000000
[12087]	92.000003
[13806]	93.000000
[12772]	96.000000
[13439]	97.000000
[15570]	97.000000
[14167]	98.000000
[12676]	98.000001
[16567]	99.000000
[15085]	99.999996
[16078]	99.999999
[15709]	101.000002
[13934]	105.000000
[12615]	108.999996
[15794]	108.999998
[11487]	109.000000
[14062]	109.000000
[14125]	112.999996
[13853]	116.000000
[10643]	118.000000
[13203]	118.000000
[15798]	121.999998
[11941]	122.000004
[11834]	128.000002
[13863]	130.000000
[14130]	130.000000
[11952]	131.000004
[12253]	133.000000
[10884]	134.000000
[16191]	134.000000
[13710]	134.000004
[11511]	135.999996
[12207]	136.000000
[13579]	138.000000
[10241]	139.000000
[11910]	140.000000
[16156]	140.000000
[12494]	141.000000
[14488]	143.000000
[16091]	145.999992
[15532]	146.000000
[13461]	146.000004
[14474]	146.000004
[10349]	147.000000
[10654]	147.000000
[15293]	151.000004
[11684]	152.000000
[10184]	152.000004
[12822]	152.000004
[10221]	154.000000
[14804]	156.999996
[10329]	158.000000
[11535]	158.999994
[11283]	162.000000
[12841]	162.000000
[10396]	163.000006
[10165]	165.000000
[12815]	167.000004
[10204]	168.999996
[15721]	171.000002
[12174]	171.999996
[16390]	173.000000
[16031]	174.000000
[10775]	176.000004
[12190]	177.000000
[15257]	180.000000
[15598]	181.000000
[10139]	182.000004
[10674]	184.000000
[12798]	186.000000
[15581]	186.999996
[12239]	188.000000
[14534]	189.000000
[10416]	190.000000
[14895]	190.999992
[14991]	194.000000
[10405]	195.000000
[11726]	200.000000
[13768]	201.000000
[10961]	202.000000
[10148]	203.000000
[12649]	204.000000
[12902]	205.000000
[12704]	206.999998
[11233]	207.000000
[14288]	207.000000
[14496]	207.000000
[15153]	207.000000
[12721]	208.000000
[12245]	214.000000
[13767]	214.999992
[14856]	214.999994
[15887]	214.999994
[15282]	218.000000
[14535]	220.000000
[13261]	221.000000
[12709]	222.000000
[11441]	223.999992
[13862]	227.000000
[15124]	228.000000
[15897]	231.000000
[12855]	237.000000
[11180]	240.000000
[14120]	240.000000
[14627]	240.000000
[16166]	241.000008
[10338]	243.000000
[14805]	244.000008
[11908]	246.000000
[14237]	247.000008
[13654]	252.000000
[14088]	253.999992
[12610]	255.000000
[14919]	257.000000
[11492]	257.000008
[13770]	257.000008
[16647]	260.000000
[11085]	261.000000
[15569]	261.000000
[15246]	262.000008
[15861]	262.000008
[11531]	263.000000
[12769]	264.000000
[15862]	265.000002
[15049]	268.999992
[15406]	271.000000
[15582]	272.000000
[12214]	273.000000
[12824]	275.000000
[13348]	275.000000
[13369]	279.000000
[12268]	280.000000
[14054]	280.999992
[10579]	283.000000
[10225]	284.000011
[10247]	286.000004
[11845]	290.000000
[12719]	291.000004
[13942]	292.000008
[11879]	293.000000
[10640]	300.000000
[12844]	300.000000
[13504]	302.000000
[10272]	312.000000
[13434]	312.000000
[14718]	312.000000
[12455]	314.000000
[14234]	319.999992
[14943]	321.000000
[10950]	324.000000
[12851]	326.999992
[13182]	329.000000
[12321]	333.000000
[11092]	336.000000
[12708]	338.999989
[11468]	342.000000
[12831]	345.000000
[12559]	348.000000
[13746]	350.000000
[12412]	352.000000
[14875]	353.000000
[11123]	355.000000
[15115]	356.000000
[13196]	359.000004
[13467]	369.000000
[15785]	370.000004
[10967]	375.000000
[11225]	379.000000
[13520]	380.999989
[10925]	384.000000
[11227]	387.999992
[14102]	389.999989
[12652]	392.000015
[14131]	400.999985
[10414]	404.000000
[15167]	409.999990
[11931]	410.000000
[10558]	412.000008
[12845]	418.000000
[11197]	419.000000
[12853]	420.000011
[14648]	426.000000
[12899]	430.999985
[15628]	433.000000
[13121]	435.000000
[15051]	435.000000
[12375]	436.000000
[13799]	437.000000
[13832]	437.000000
[14250]	440.000000
[13490]	441.000000
[13032]	441.999985
[14738]	443.000000
[13894]	443.000004
[13176]	444.000000
[10444]	445.000000
[16322]	446.000000
[11214]	450.000000
[11447]	453.000000
[11588]	457.000008
[14065]	461.000000
[15554]	462.000008
[10910]	472.000000
[12195]	472.000008
[12779]	483.999985
[14802]	484.000000
[12320]	497.000000
[13484]	505.000000
[13388]	507.000000
[14539]	508.000000
[13109]	510.000011
[13341]	511.000000
[11997]	517.999992
[13966]	527.000000
[11833]	528.000011
[11615]	529.000000
[10744]	535.000000
[15147]	554.000000
[15483]	561.000000
[16171]	574.000000
[11063]	588.000000
[14306]	590.000000
[14692]	594.000000
[14733]	596.000000
[14942]	604.000000
[15018]	605.999985
[11288]	608.000015
[14745]	611.000000
[13282]	615.999985
[15454]	616.000000
[12549]	617.000015
[13398]	626.999985
[15994]	639.000000
[15174]	642.000000
[10930]	644.000015
[15138]	648.000000
[15502]	653.999987
[10333]	656.000000
[10589]	661.000000
[12255]	684.000000
[13211]	698.000000
[15210]	718.000000
[11725]	721.000000
[12728]	726.000000
[12171]	729.999985
[11762]	732.999985
[13614]	733.000000
[15374]	735.000000
[13543]	740.000000
[10954]	746.000000
[14458]	749.000000
[11550]	749.000015
[14168]	761.000000
[14470]	790.000000
[10647]	823.999969
[12335]	824.000000
[10917]	836.000015
[11399]	838.999977
[11844]	840.999985
[14485]	850.000008
[16306]	851.000000
[12876]	855.000000
[15632]	857.000000
[14797]	862.000000
[12175]	865.000000
[13194]	874.000000
[12932]	877.000000
[11548]	897.000000
[14451]	906.000000
[13162]	925.999969
[16428]	938.000031
[15991]	969.000000
[12343]	973.000000
[11764]	980.999985
[14231]	983.000000
[14109]	1007.000000
[16233]	1009.999969
[11372]	1027.000000
[12920]	1027.000000
[10613]	1028.000000
[11654]	1031.000000
[10621]	1036.999969
[14186]	1053.000000
[10448]	1082.000000
[10918]	1087.000031
[12807]	1102.000000
[14722]	1105.000000
[11301]	1109.000000
[12519]	1125.000000
[15841]	1129.000031
[13964]	1141.999969
[10304]	1164.999969
[15130]	1165.000000
[11525]	1173.000000
[15125]	1177.000000
[12129]	1188.000000
[12888]	1192.000000
[11503]	1215.000000
[12177]	1218.000000
[15855]	1218.000000
[15579]	1231.000031
[16252]	1242.000000
[14789]	1250.000000
[10559]	1250.999985
[13068]	1292.000000
[13344]	1293.000000
[13829]	1307.000000
[12969]	1325.000000
[11587]	1356.000000
[15237]	1357.000000
[14543]	1368.000000
[11315]	1369.000031
[10280]	1390.000000
[11160]	1391.000000
[13628]	1407.000000
[14278]	1417.000000
[15478]	1426.000031
[10482]	1432.000000
[12094]	1433.000000
[10739]	1456.000000
[10545]	1470.000000
[15008]	1471.000000
[14583]	1492.000000
[11471]	1523.000000
[10361]	1562.000000
[13169]	1608.000000
[11013]	1611.000000
[11730]	1622.000000
[11027]	1692.000000
[11345]	1699.000000
[13095]	1727.000000
[14520]	1755.000000
[13002]	1758.999939
[11905]	1770.000000
[14582]	1782.000000
[11108]	1793.000000
[13983]	1860.000000
[16476]	1875.000000
[14006]	1899.000000
[13900]	1915.000000
[13105]	1922.000092
[14022]	1962.000000
[15584]	1962.000000
[10926]	1975.000000
[12180]	1981.000000
[13166]	1985.000000
[10631]	1998.000000
[10779]	1998.000000
[12365]	2002.000000
[15317]	2012.000000
[11445]	2018.999908
[10141]	2021.000061
[15910]	2022.000000
[10717]	2037.999939
[14819]	2038.000000
[14256]	2040.000000
[10205]	2043.000000
[14150]	2086.000061
[13241]	2099.000000
[16268]	2105.000000
[11332]	2111.000061
[10929]	2113.000000
[11076]	2121.999939
[14259]	2128.000031
[13604]	2129.000000
[10268]	2157.999939
[13048]	2168.000000
[15643]	2169.000000
[16097]	2191.000000
[11082]	2195.000000
[13692]	2323.000000
[11867]	2331.999939
[12164]	2352.999939
[10245]	2358.000000
[11336]	2370.000000
[12244]	2394.000000
[10728]	2403.000000
[16304]	2415.999939
[12492]	2459.000061
[14945]	2493.000000
[11865]	2511.999939
[12511]	2514.000000
[15215]	2552.000000
[15868]	2599.000000
[15401]	2622.000000
[11126]	2624.000000
[10878]	2665.000000
[11075]	2715.000000
[11671]	2715.000000
[11172]	2719.000000
[12119]	2751.000061
[15041]	2752.000000
[12250]	2757.000000
[11534]	2848.000000
[14113]	2905.000000
[14992]	2926.000000
[10146]	2945.000061
[15048]	2953.000000
[11170]	2965.000000
[15389]	3002.000061
[13541]	3070.000031
[14081]	3082.999878
[13306]	3099.000000
[14960]	3106.000122
[14924]	3253.000000
[16115]	3257.000000
[14905]	3285.000000
[10731]	3330.000000
[11274]	3352.000122
[12007]	3387.000000
[15607]	3400.000000
[10754]	3411.000000
[12553]	3420.000000
[14637]	3443.000000
[12124]	3492.000000
[10011]	3502.000122
[16173]	3581.000000
[12184]	3597.999939
[11187]	3644.000000
[11907]	3645.000000
[11097]	3660.000000
[13502]	3665.000000
[11150]	3670.000000
[13459]	3703.000122
[14588]	3734.000000
[11699]	3739.000000
[13034]	3745.000031
[15411]	3755.000000
[10568]	3808.000000
[14487]	3886.999878
[10275]	3925.000000
[14709]	3947.000031
[13532]	4105.000000
[12891]	4170.000000
[15497]	4207.000122
[16242]	4214.000000
[14092]	4216.000000
[14051]	4227.000000
[16293]	4233.000000
[11563]	4245.000000
[12915]	4280.000000
[11519]	4408.000122
[11308]	4445.000000
[15626]	4467.999878
[11950]	4564.000122
[14704]	4732.000122
[10658]	4793.000000
[16133]	4833.000122
[14842]	4848.999939
[12849]	4853.000000
[10486]	4868.000000
[12066]	4897.000000
[15741]	4949.000183
[13873]	4994.999878
[14879]	5004.000000
[13970]	5061.000061
[14303]	5063.000000
[10155]	5110.000000
[10150]	5164.999878
[14299]	5228.000000
[11470]	5353.000000
[11111]	5379.000000
[13290]	5440.999878
[13602]	5452.000000
[13933]	5470.000000
[10210]	5612.000000
[16218]	5653.000000
[11980]	5661.999756
[15022]	5773.000000
[13594]	5800.000000
[16101]	5822.999878
[12389]	5877.000000
[14314]	6008.000000
[10676]	6009.000244
[13943]	6019.000000
[14849]	6047.000122
[14674]	6058.000122
[11049]	6097.999878
[10157]	6117.000000
[13127]	6138.000000
[11695]	6233.000244
[14239]	6270.000000
[14222]	6312.000000
[13289]	6315.000000
[13625]	6335.000000
[11793]	6359.000000
[10577]	6444.000000
[10872]	6458.000000
[12627]	6502.000000
[11070]	6563.000000
[15295]	6588.000000
[16163]	6623.000000
[12544]	6624.000000
[10372]	6769.000000
[13139]	6815.000000
[14489]	6847.000183
[10136]	6945.000000
[11052]	6960.000000
[14794]	7040.000000
[11555]	7085.999756
[13061]	7085.999756
[10608]	7114.000000
[16477]	7155.999756
[11067]	7294.000000
[10170]	7475.999756
[11577]	7685.000000
[11778]	7690.000000
[11122]	7917.000122
[12397]	7943.000244
[12223]	7946.000000
[14828]	7979.000244
[14512]	7990.999695
[13076]	8008.000000
[10561]	8094.000366
[10747]	8175.999756
[14952]	8234.000244
[10661]	8273.000061
[14254]	8346.000000
[14716]	8426.000000
[13377]	8452.000122
[13347]	8462.999817
[10590]	8465.999763
[14025]	8485.000000
[12917]	8589.000000
[11869]	8685.000000
[10154]	8857.999878
[14645]	8913.000000
[14207]	9033.000122
[12156]	9340.999756
[14711]	9540.999756
[12265]	9614.000122
[10162]	9671.000000
[11617]	9750.000000
[11731]	9845.000000
[10185]	9904.000244
[11898]	9909.999756
[11203]	9989.000000
[11337]	9990.999756
[13043]	9999.000000
[10287]	10142.000000
[13370]	10293.000488
[12472]	10458.999756
[14633]	10472.000244
[12819]	10687.000000
[13184]	10695.999756
[10312]	10724.999756
[14228]	10780.000000
[15192]	10791.999512
[11164]	10845.000000
[12898]	10954.000244
[11185]	11151.000000
[11888]	11251.000000
[15070]	11441.999390
[11982]	11577.999756
[11488]	11800.000000
[10758]	12056.000000
[13433]	12091.000000
[12280]	12092.000244
[16263]	12116.000000
[11537]	12156.000000
[16085]	12253.000122
[11244]	12454.999512
[12884]	12489.000000
[12026]	12553.000000
[10716]	13091.000000
[13795]	13290.999756
[10551]	13519.000168
[10469]	13854.000000
[12101]	14259.000000
[15567]	14288.000000
[12003]	14371.999878
[13029]	14441.999756
[14698]	14503.000244
[11413]	14565.999756
[11928]	14689.000244
[15023]	15026.000732
[15513]	15250.999756
[12441]	15254.000244
[11648]	15559.000488
[13277]	16092.000000
[16232]	16446.000000
[10394]	16466.000000
[13476]	16729.000488
[15380]	16875.999756
[10685]	16971.999634
[11612]	17243.999268
[15027]	17391.000000
[12951]	17410.000122
[15323]	17562.000244
[14098]	18160.000000
[11953]	18233.000488
[11921]	18559.000000
[15566]	18633.000000
[15718]	18857.000000
[11146]	18865.999023
[10581]	19091.999634
[11290]	19257.000000
[13218]	19497.000000
[13360]	19609.000488
[12520]	19801.999512
[10575]	19894.000000
[14824]	20185.000488
[11641]	20271.999023
[10434]	20565.000244
[10638]	20726.000000
[10732]	20906.000000
[15402]	20935.999512
[14918]	21175.000488
[12206]	21220.999390
[14681]	21517.000366
[10627]	21899.000610
[13243]	22090.999512
[14457]	22341.999512
[13694]	22418.000732
[10696]	22570.000488
[12051]	22651.000488
[10408]	22945.999512
[14814]	23334.000366
[10208]	23532.000000
[12991]	23656.000977
[11977]	23692.999512
[15356]	24741.999756
[10846]	25105.000000
[14108]	25237.000000
[14689]	25426.999512
[10990]	25491.000977
[13422]	25572.000000
[13952]	25948.000244
[12073]	26085.000000
[14574]	26315.000000
[13256]	26375.000244
[15455]	26507.000977
[16149]	26510.000977
[10911]	26856.000732
[14696]	27306.000000
[15595]	27384.999023
[11140]	27850.000000
[11973]	28020.999207
[10135]	28209.000000
[10279]	28544.000977
[13269]	28652.999512
[15249]	29226.999512
[14153]	29433.999023
[11823]	29728.999268
[11624]	29971.000977
[10521]	30323.999268
[13486]	30781.999512
[11637]	30841.999268
[10244]	31235.001465
[10781]	31378.999023
[11252]	31495.000000
[14252]	31687.001221
[15084]	32149.999756
[11721]	32352.000244
[11868]	32638.000000
[12990]	32803.001465
[12523]	32972.998779
[13367]	33288.001221
[14955]	33831.000977
[10431]	33888.999023
[13264]	34652.999268
[12323]	34938.000732
[10980]	35713.000488
[11915]	36091.999512
[10620]	36591.000977
[10877]	36698.999023
[14210]	37000.998535
[16042]	37396.000000
[14012]	37743.000488
[12693]	37944.000000
[12896]	38035.000854
[15058]	38198.999023
[14783]	38532.001465
[10666]	39120.000000
[10357]	39436.998535
[10752]	39622.000000
[15624]	40817.000977
[13158]	40951.999512
[11603]	41250.001465
[10849]	41572.998047
[11775]	41844.001465
[16215]	42086.000977
[13560]	42925.999512
[14082]	43249.999023
[12699]	43493.999023
[12010]	43844.000977
[13408]	44024.999512
[13514]	44693.000488
[10158]	44874.999512
[14717]	44898.000000
[12448]	44965.999512
[11003]	44973.998047
[11481]	45698.998535
[14986]	45700.001221
[11444]	46254.001465
[11630]	46580.000366
[10517]	46970.000977
[15013]	47531.001465
[12217]	48175.998047
[10785]	48418.998047
[10415]	49444.001953
[11118]	50041.000977
[13230]	51608.999634
[12169]	51728.999023
[10868]	53620.998047
[10466]	54073.000916
[12945]	54402.997803
[10411]	54682.000000
[12402]	54810.000000
[11109]	55854.001465
[10874]	55855.999756
[12391]	56868.999268
[15024]	59128.000488
[15919]	62380.000000
[11625]	66020.999023
[14312]	66532.998047
[14262]	66985.998047
[11638]	67577.001953
[15258]	68263.999023
[14677]	68917.000000
[12197]	69156.001953
[12278]	70514.997803
[15092]	71899.002930
[14838]	72194.000977
[12651]	73015.998047
[14193]	73856.998535
[14112]	74748.001099
[11995]	75027.001465
[13165]	75193.999512
[13485]	77350.999023
[15412]	77543.000000
[14321]	78801.000000
[12986]	80801.998535
[14739]	80836.998047
[10711]	81208.000000
[11369]	82384.999512
[15096]	85591.999023
[12992]	86260.996582
[11996]	87077.000000
[12966]	87656.000977
[12395]	88002.000000
[13605]	88580.002197
[16321]	89816.001953
[11267]	90853.002930
[13296]	94103.001953
[13577]	94942.000000
[13518]	100205.002930
[14685]	100872.998047
[13180]	102993.000488
[14832]	104268.996094
[11423]	107208.000977
[14576]	107556.002930
[11651]	108300.003906
[12954]	108364.001465
[12016]	108896.998535
[14286]	113322.002441
[11986]	114519.996826
[11435]	114718.995117
[14761]	115401.000000
[10599]	116417.999268
[12758]	117231.002930
[11988]	117561.005859
[15306]	117588.996094
[12982]	117936.996094
[13156]	118270.000000
[15370]	118907.999268
[11540]	120664.997070
[16257]	121649.000000
[10257]	125596.999512
[11884]	128142.002441
[15376]	130830.003662
[14293]	132246.000000
[11874]	133006.999023
[10713]	136440.000000
[11455]	138894.000000
[14570]	140515.993652
[14309]	143713.001953
[12143]	146880.000000
[14066]	148533.000000
[14730]	150684.006836
[13931]	152425.004639
[16217]	157417.000488
[14524]	157773.994629
[13851]	162623.003906
[14307]	164885.000977
[10994]	173074.000244
[10800]	176886.992188
[13244]	180529.991699
[13891]	180969.003174
[13871]	183925.000488
[10140]	204595.996826
[10792]	219390.992188
[10299]	224590.007813
[12277]	226535.996094
[16229]	228565.004883
[14027]	237319.007813
[10292]	242674.998047
[12451]	244508.012695
[13830]	269567.988281
[10529]	271207.008789
[13342]	285092.998779
[14635]	289410.985352
[13252]	294437.000000
[11193]	296554.003662
[11760]	314115.000000
[11066]	314959.994141
[10920]	329392.001953
[13744]	331775.992188
[14843]	332432.987305
[14122]	352842.988281
[11042]	353917.009766
[11032]	361165.001953
[14683]	361408.992188
[12339]	375650.000732
[14893]	432630.000000
[14831]	454466.989258
[14908]	462291.993652
[13198]	478991.997070
[13796]	489299.001953
[14492]	491187.013184
[13495]	501623.981934
[10423]	519498.997070
[16271]	522804.009766
[12191]	533677.984375
[10693]	563505.017578
[15016]	601497.984375
[12972]	655484.990234
[11259]	660367.978516
[14057]	765390.000000
[15304]	773896.010742
[12173]	809134.990234
[14679]	864413.976563
[14869]	942020.968750
[12264]	944001.994629
[13232]	1006017.974609
[11278]	1059831.960938
[10821]	1102788.984375
[11697]	1125721.023926
[14100]	1324011.978516
[12953]	1377129.980469
[13487]	1535077.059570
[11433]	1549820.054688
[10721]	1594774.951172
[13204]	1695124.003906
[12266]	1700226.953125
[13303]	1732093.019531
[11618]	1742456.951172
[14107]	1757127.971680
[14747]	1887798.046875
[12889]	1946126.923828
[11057]	1966307.043945
[14771]	2231969.113281
[11292]	2368279.952148
[12478]	2593817.971680
[11298]	2663828.001953
[12892]	3290214.101563
[13930]	3331093.992188
[10397]	4543879.992188
