[10033]	0.000000
[10039]	0.000000
[10144]	0.000000
[10171]	0.000000
[10209]	0.000000
[10386]	0.000000
[10463]	0.000000
[10480]	0.000000
[10562]	0.000000
[10617]	0.000000
[10710]	0.000000
[10817]	0.000000
[10819]	0.000000
[10938]	0.000000
[10952]	0.000000
[10971]	0.000000
[10981]	0.000000
[11050]	0.000000
[11198]	0.000000
[11204]	0.000000
[11351]	0.000000
[11415]	0.000000
[11418]	0.000000
[11487]	0.000000
[11522]	0.000000
[11816]	0.000000
[11885]	0.000000
[12018]	0.000000
[12055]	0.000000
[12125]	0.000000
[12132]	0.000000
[12134]	0.000000
[12228]	0.000000
[12263]	0.000000
[12324]	0.000000
[12348]	0.000000
[12436]	0.000000
[12598]	0.000000
[12745]	0.000000
[12869]	0.000000
[12933]	0.000000
[12938]	0.000000
[12956]	0.000000
[12957]	0.000000
[13024]	0.000000
[13081]	0.000000
[13113]	0.000000
[13153]	0.000000
[13246]	0.000000
[13295]	0.000000
[13297]	0.000000
[13464]	0.000000
[13501]	0.000000
[13540]	0.000000
[13546]	0.000000
[13587]	0.000000
[13629]	0.000000
[13667]	0.000000
[13700]	0.000000
[13757]	0.000000
[13771]	0.000000
[13785]	0.000000
[13794]	0.000000
[13809]	0.000000
[13890]	0.000000
[13954]	0.000000
[14115]	0.000000
[14196]	0.000000
[14412]	0.000000
[14467]	0.000000
[14496]	0.000000
[14553]	0.000000
[14628]	0.000000
[14691]	0.000000
[14736]	0.000000
[14807]	0.000000
[14818]	0.000000
[14871]	0.000000
[14886]	0.000000
[14922]	0.000000
[14991]	0.000000
[15010]	0.000000
[15043]	0.000000
[15045]	0.000000
[15053]	0.000000
[15060]	0.000000
[15063]	0.000000
[15113]	0.000000
[15129]	0.000000
[15153]	0.000000
[15163]	0.000000
[15208]	0.000000
[15246]	0.000000
[15256]	0.000000
[15275]	0.000000
[15310]	0.000000
[15343]	0.000000
[15446]	0.000000
[15458]	0.000000
[15534]	0.000000
[15601]	0.000000
[15603]	0.000000
[15610]	0.000000
[15700]	0.000000
[15774]	0.000000
[15842]	0.000000
[15906]	0.000000
[16078]	0.000000
[16178]	0.000000
[16456]	0.000000
[16651]	0.000000
[16668]	0.000000
[11098]	1.000000
[11165]	1.000000
[11230]	1.000000
[11592]	1.000000
[11789]	1.000000
[12108]	1.000000
[12141]	1.000000
[13117]	1.000000
[13507]	1.000000
[14236]	1.000000
[14530]	1.000000
[14996]	1.000000
[15020]	1.000000
[15440]	1.000000
[16340]	1.000000
[16454]	1.000000
[10216]	2.000000
[10325]	2.000000
[10327]	2.000000
[10543]	2.000000
[11036]	2.000000
[11720]	2.000000
[11728]	2.000000
[11827]	2.000000
[11834]	2.000000
[11961]	2.000000
[12622]	2.000000
[12782]	2.000000
[12854]	2.000000
[12916]	2.000000
[12983]	2.000000
[13574]	2.000000
[13898]	2.000000
[14646]	2.000000
[14672]	2.000000
[15081]	2.000000
[15091]	2.000000
[15599]	2.000000
[15634]	2.000000
[16106]	2.000000
[10615]	3.000000
[11188]	3.000000
[11456]	3.000000
[12591]	3.000000
[12773]	3.000000
[13415]	3.000000
[13456]	3.000000
[13958]	3.000000
[14043]	3.000000
[14475]	3.000000
[15427]	3.000000
[15472]	3.000000
[15825]	3.000000
[10923]	4.000000
[10965]	4.000000
[12155]	4.000000
[12252]	4.000000
[13984]	4.000000
[15250]	4.000000
[15604]	4.000000
[16208]	4.000000
[13987]	4.000000
[14050]	5.000000
[14397]	5.000000
[14493]	5.000000
[14712]	5.000000
[15160]	5.000000
[15731]	5.000000
[16051]	5.000000
[16267]	5.000000
[16443]	5.000000
[16643]	5.000000
[11431]	6.000000
[11493]	6.000000
[13052]	6.000000
[14182]	6.000000
[14295]	6.000000
[14855]	6.000000
[15278]	6.000000
[16326]	6.000000
[16441]	6.000000
[14987]	6.000000
[12574]	7.000000
[14013]	7.000000
[14004]	7.000000
[10324]	7.000000
[11025]	7.000000
[11367]	7.000000
[13936]	7.000000
[14863]	7.000000
[15385]	7.000000
[10569]	8.000000
[11656]	8.000000
[12315]	8.000000
[12785]	8.000000
[12987]	8.000000
[13418]	8.000000
[14229]	8.000000
[14477]	8.000000
[10540]	8.000000
[16128]	8.000000
[12900]	9.000000
[12583]	9.000000
[12599]	9.000000
[14992]	9.000000
[15183]	9.000000
[15504]	9.000000
[15934]	9.000000
[16346]	9.000000
[11000]	10.000000
[12705]	10.000000
[12857]	10.000000
[13111]	10.000000
[13381]	10.000000
[13860]	10.000000
[11484]	11.000000
[11628]	11.000000
[12370]	11.000000
[15793]	11.000000
[11512]	12.000000
[15061]	12.000000
[15618]	12.000000
[10016]	13.000000
[10076]	13.000000
[11215]	13.000000
[13016]	13.000000
[13654]	13.000000
[16599]	14.000000
[11245]	14.000000
[12743]	14.000000
[14945]	14.000000
[10042]	15.000000
[10278]	15.000000
[12294]	15.000000
[12633]	15.000000
[14046]	15.000000
[12638]	16.000000
[12771]	16.000000
[13536]	17.000000
[16016]	17.000000
[10005]	18.000000
[12621]	18.000000
[14030]	18.000000
[14268]	18.000000
[12641]	20.000000
[12720]	20.000000
[15086]	20.000000
[13693]	21.000000
[13714]	21.000000
[10996]	23.000000
[11711]	23.000000
[13676]	23.000000
[13535]	24.000000
[10535]	24.000001
[15236]	25.999999
[11463]	26.000000
[12748]	27.000000
[12866]	28.000000
[13094]	28.000000
[13182]	28.000000
[15448]	28.000000
[13715]	29.000001
[11241]	30.000000
[14551]	30.000000
[15012]	30.000000
[15754]	30.000000
[13731]	31.000000
[14897]	31.000000
[11053]	32.000000
[12185]	33.000000
[14119]	33.000000
[15853]	33.000000
[11028]	33.999999
[11317]	34.000000
[10237]	35.000000
[12784]	36.000000
[15245]	36.000000
[11646]	37.000000
[12663]	37.000000
[13564]	38.000000
[15339]	41.000000
[12222]	42.000000
[14880]	42.000000
[16310]	42.000000
[11764]	42.999999
[14282]	42.999999
[13618]	43.000000
[14273]	44.000000
[12671]	45.000000
[10770]	46.000000
[13704]	46.000000
[11619]	47.000000
[15843]	47.000000
[10322]	49.000000
[15608]	49.000000
[11007]	50.000000
[14542]	50.000000
[14559]	51.000000
[12635]	52.000000
[14816]	54.000001
[10654]	55.000000
[15885]	55.000000
[15171]	55.999998
[12737]	55.999999
[10557]	56.000000
[13826]	57.000000
[15381]	57.000000
[12878]	58.000000
[11453]	60.000000
[12772]	61.000000
[15725]	62.000000
[11334]	64.000000
[11924]	64.000002
[12653]	65.000000
[10085]	68.000000
[14218]	68.000000
[15085]	69.000001
[12868]	70.000000
[12755]	72.000000
[14028]	72.000000
[11859]	73.000000
[12676]	73.000002
[10313]	78.000003
[11675]	79.000002
[10444]	81.000000
[15231]	81.000000
[11952]	87.000000
[15794]	87.000000
[11643]	88.000000
[11233]	88.000003
[12615]	89.000000
[13934]	92.000000
[13439]	95.000000
[13863]	95.000000
[16166]	96.000000
[14275]	96.000004
[14877]	98.000000
[15798]	103.000002
[13710]	104.000004
[11559]	105.000000
[14130]	111.999996
[11280]	112.999996
[10184]	113.000004
[13203]	114.000000
[11411]	114.999996
[12822]	116.000000
[13806]	116.999998
[16156]	117.000000
[13200]	121.000000
[15581]	121.000004
[14474]	121.999998
[11283]	122.000000
[12253]	123.000000
[11545]	125.000000
[10243]	126.999996
[10241]	128.000000
[12902]	129.000000
[15627]	129.000000
[10884]	130.000000
[11684]	133.000000
[12087]	134.000004
[10783]	137.000000
[13461]	138.000002
[13579]	138.999996
[15709]	140.000000
[12207]	142.000000
[11392]	143.000000
[14804]	143.999998
[14856]	143.999998
[11941]	147.000000
[15569]	150.000000
[11216]	151.000000
[14167]	151.000000
[12704]	151.000008
[12681]	152.000000
[16567]	153.000000
[14534]	155.000000
[10221]	156.000000
[14895]	156.000000
[12214]	157.999998
[15293]	159.000000
[16345]	159.000000
[11372]	160.000000
[10139]	161.000000
[12245]	163.000000
[14125]	163.000000
[10416]	167.000004
[12174]	169.000008
[12494]	171.000000
[12235]	175.000000
[13768]	175.000000
[15282]	176.000000
[15257]	177.999996
[11910]	178.000000
[10558]	178.999998
[10405]	180.000000
[12709]	180.000000
[10396]	180.999996
[10329]	182.999992
[15721]	186.999996
[14627]	193.000002
[15532]	199.000000
[12649]	199.000008
[12769]	199.999998
[15598]	200.000000
[12798]	206.000000
[13369]	206.000004
[12190]	208.000000
[11535]	210.000000
[14120]	210.000000
[13003]	216.000000
[15887]	217.000000
[10204]	220.000000
[12855]	220.000008
[16390]	224.000000
[12851]	227.000000
[15406]	229.000000
[11492]	229.000006
[10338]	234.000000
[14288]	235.999992
[13770]	241.000008
[10148]	242.000000
[10165]	242.000000
[11908]	242.000000
[10674]	243.000000
[14805]	244.000008
[12239]	245.000000
[12841]	246.000000
[12268]	247.000000
[14488]	247.000000
[11719]	253.000000
[13196]	254.000010
[15707]	259.000000
[10349]	261.000000
[15124]	263.999996
[14088]	264.000000
[12719]	264.000006
[13767]	267.000000
[10775]	268.999992
[12708]	269.000004
[14718]	270.000000
[13862]	271.000000
[13504]	275.000000
[13467]	276.000004
[13348]	277.000000
[12610]	278.000000
[14237]	278.000000
[11085]	279.000000
[10640]	280.000008
[11879]	282.000000
[14062]	282.000000
[10194]	283.000008
[11441]	285.000000
[15861]	286.000004
[13434]	286.000008
[14234]	287.000000
[15708]	288.000000
[11123]	291.000000
[15862]	297.000008
[11845]	298.000000
[16647]	298.000000
[11208]	301.000000
[10247]	301.000008
[13341]	303.999996
[14054]	307.999992
[11225]	314.000000
[13942]	316.000000
[10272]	322.000000
[11227]	324.000000
[12363]	327.000000
[12831]	330.000000
[12815]	331.000000
[13032]	333.000000
[10225]	335.999989
[12844]	337.000008
[15049]	337.999992
[11531]	343.999992
[13832]	346.000000
[14919]	356.000000
[13176]	361.000000
[12549]	365.000015
[13520]	369.000000
[14131]	370.000008
[12652]	373.000010
[11468]	373.999992
[12455]	373.999992
[12375]	378.000000
[14943]	380.000000
[10950]	384.000000
[15582]	390.000000
[15785]	391.000000
[13894]	395.000000
[13746]	398.000000
[12899]	399.999985
[13490]	407.000000
[12559]	410.000000
[11092]	414.000000
[15628]	415.000000
[15115]	420.000000
[12321]	424.000015
[15051]	430.000000
[10967]	438.000000
[14648]	438.999985
[11197]	442.000000
[12779]	442.999992
[14535]	443.000000
[10925]	450.000000
[14942]	452.000015
[11931]	461.000000
[13484]	461.000000
[15167]	463.999981
[12721]	464.000000
[15554]	472.999992
[14692]	474.000000
[14875]	486.000000
[12412]	491.000000
[12195]	492.000011
[16091]	500.000015
[11063]	504.000000
[14802]	509.000000
[13966]	514.000000
[13799]	517.000000
[13109]	519.000011
[11511]	529.000000
[13121]	529.000000
[16322]	543.000000
[13398]	547.999992
[10744]	559.000000
[16268]	561.000000
[14065]	566.000000
[12845]	575.000000
[14738]	582.000008
[14102]	586.000031
[11725]	592.000000
[11833]	592.000000
[11447]	597.000000
[11615]	599.000000
[10414]	603.000000
[12255]	615.000000
[12853]	619.000000
[10643]	629.000000
[11588]	635.000000
[11288]	638.000000
[14733]	640.000000
[16306]	652.000000
[10961]	655.000000
[15138]	667.000000
[14458]	670.000000
[14745]	670.000000
[13282]	680.000015
[12847]	688.000000
[10930]	709.000000
[15454]	711.000000
[13211]	716.000000
[11550]	724.000000
[15147]	725.000000
[13543]	746.000000
[14539]	747.999985
[15994]	751.000000
[10333]	784.000031
[13194]	785.000000
[13614]	809.000000
[15483]	816.000000
[10910]	818.000000
[12335]	829.000000
[12171]	832.999969
[10647]	840.000000
[11844]	840.000031
[10970]	841.000000
[14468]	841.000031
[12175]	856.999969
[12876]	857.000000
[11180]	863.000000
[14722]	866.000000
[14797]	886.000031
[15374]	906.000000
[14306]	930.000000
[12932]	931.000031
[15632]	932.000000
[10917]	932.000015
[10954]	933.000000
[14109]	935.000000
[12920]	940.000000
[15210]	976.000000
[13162]	980.000000
[10589]	994.000015
[11730]	1003.000000
[11654]	1007.000000
[11762]	1033.000000
[11399]	1035.000000
[10579]	1042.000000
[10545]	1057.000000
[14485]	1062.000015
[14231]	1074.000000
[12807]	1080.000011
[12012]	1097.000000
[14278]	1100.000000
[16428]	1124.000000
[10918]	1128.000000
[13388]	1128.000000
[11301]	1136.000000
[10559]	1146.999969
[12728]	1150.000000
[13829]	1153.000000
[16252]	1164.000046
[14186]	1167.000000
[15125]	1172.000000
[12519]	1181.000000
[10304]	1181.999969
[11548]	1186.999969
[10621]	1188.000000
[14470]	1220.000000
[16233]	1223.000000
[12129]	1258.999969
[15237]	1283.000000
[11587]	1285.000031
[15570]	1289.000000
[12888]	1321.000000
[11525]	1324.000000
[15991]	1325.000000
[15008]	1328.000000
[15317]	1330.000000
[12177]	1343.000000
[14819]	1347.000000
[11214]	1383.000000
[15130]	1384.000000
[14451]	1392.000000
[10542]	1394.000000
[15478]	1431.999939
[14543]	1450.000000
[11315]	1468.000031
[14259]	1497.000000
[10361]	1499.000000
[14789]	1517.000000
[12343]	1548.000000
[12969]	1585.000000
[15841]	1613.000061
[11160]	1644.000000
[12365]	1650.999939
[11905]	1683.000000
[13964]	1685.000000
[15579]	1685.000000
[14582]	1692.000000
[15855]	1696.000000
[11013]	1722.000000
[13095]	1754.000000
[11519]	1765.000000
[11126]	1768.000000
[10739]	1791.000000
[13169]	1811.000000
[13068]	1823.999939
[10268]	1829.000000
[13166]	1836.000000
[10613]	1848.000000
[13900]	1851.000000
[10280]	1862.000000
[11471]	1862.000061
[14006]	1884.000000
[10482]	1915.000000
[11075]	1918.000000
[11345]	1932.000000
[11997]	1971.999939
[14583]	1976.000000
[13344]	1982.000000
[15643]	1995.000000
[13048]	2010.000000
[15018]	2011.999908
[15897]	2094.000000
[15584]	2118.000000
[10448]	2156.000000
[10728]	2163.000000
[13241]	2164.000000
[12164]	2170.000000
[11867]	2219.000061
[16097]	2228.000000
[11332]	2247.999939
[10141]	2261.000061
[10779]	2262.000000
[10926]	2264.000000
[12511]	2270.000000
[14022]	2271.999939
[10717]	2274.000000
[13692]	2311.000000
[13105]	2315.000000
[11076]	2317.000000
[15174]	2317.000000
[10631]	2321.000061
[14520]	2408.000000
[12180]	2411.000000
[12553]	2451.000000
[16476]	2477.000000
[13002]	2486.000061
[15401]	2520.000000
[14168]	2535.000000
[12492]	2584.000031
[13983]	2616.000000
[11027]	2620.000000
[11170]	2644.000000
[11865]	2665.000000
[15868]	2675.000000
[15910]	2714.000000
[12119]	2734.000092
[14960]	2757.000000
[11274]	2773.000000
[12244]	2783.000000
[10929]	2795.000000
[15215]	2816.000061
[16115]	2823.000000
[14250]	2840.000000
[14081]	2853.000000
[10146]	2889.999939
[12094]	2927.000061
[14256]	2934.999939
[15389]	2976.999939
[12124]	3098.000000
[15048]	3120.000000
[16304]	3208.999878
[14113]	3301.000000
[16173]	3318.000000
[10731]	3334.000000
[15607]	3339.000000
[10011]	3340.000122
[12007]	3393.000000
[11150]	3418.000122
[11534]	3437.000000
[11172]	3489.000000
[14150]	3498.999939
[11699]	3572.000000
[14924]	3578.000000
[15411]	3623.000000
[13034]	3658.000122
[10878]	3778.000000
[11187]	3796.999878
[15626]	3881.000061
[16242]	3936.000000
[14092]	3959.000000
[13628]	3960.000000
[14487]	3969.000000
[13459]	3975.000000
[12184]	4006.999878
[14588]	4009.000122
[11563]	4014.000107
[14905]	4031.000000
[12891]	4089.000000
[15497]	4122.000000
[12250]	4129.999878
[10754]	4166.000000
[12849]	4211.000000
[11445]	4221.000000
[14051]	4239.000000
[14303]	4245.000000
[11082]	4291.000000
[14709]	4327.000122
[11308]	4333.000000
[10275]	4382.000000
[11907]	4437.000000
[10568]	4473.000000
[13532]	4536.000000
[12066]	4576.000000
[13933]	4639.000122
[13604]	4646.000000
[12915]	4719.000000
[14637]	4737.000000
[10155]	4738.999878
[11671]	4748.000000
[10658]	4802.000000
[14842]	5002.000122
[11111]	5026.000000
[11097]	5037.000000
[10205]	5060.000000
[14704]	5065.999878
[10150]	5086.000122
[11470]	5113.000000
[16101]	5206.000122
[13970]	5228.000092
[11049]	5245.999878
[10872]	5316.000000
[13290]	5343.000000
[16218]	5372.000000
[11503]	5421.000000
[11336]	5496.999908
[13306]	5555.000000
[13873]	5638.999908
[16293]	5773.000122
[13594]	5817.000000
[14849]	5855.000000
[14299]	5872.999878
[12389]	5938.000000
[16133]	5960.000000
[15022]	5971.999878
[13139]	5974.000000
[14879]	6132.000000
[10157]	6148.000000
[11950]	6188.000244
[10486]	6255.000000
[13127]	6279.000244
[11695]	6295.000000
[13625]	6358.000000
[10210]	6417.000000
[14794]	6453.000000
[10577]	6534.000000
[11067]	6572.000000
[11793]	6598.000000
[16163]	6662.000000
[11980]	6709.999878
[14674]	6930.000000
[14222]	7004.000244
[15041]	7091.000000
[14314]	7155.000000
[11070]	7164.000000
[10136]	7212.000000
[12627]	7300.000000
[14239]	7352.000000
[13502]	7368.000000
[14025]	7460.000000
[13289]	7475.000244
[11778]	7478.000000
[11577]	7511.000000
[10590]	7524.999695
[10661]	7751.000366
[11555]	7891.000122
[12265]	7930.000244
[15295]	7939.999939
[12544]	8011.999817
[13347]	8057.000061
[10170]	8123.000122
[13076]	8178.000000
[14645]	8189.000244
[12397]	8216.000244
[10561]	8262.000000
[10758]	8367.000000
[11869]	8397.000000
[11888]	8624.000244
[11122]	8676.999756
[13602]	8691.000000
[11052]	8757.000000
[11731]	8764.000000
[16477]	8889.000244
[14952]	8939.000244
[10747]	8954.000244
[13541]	8954.999695
[13061]	9040.000122
[10185]	9145.999878
[10608]	9205.000000
[15741]	9223.000000
[11617]	9345.000000
[14254]	9441.000000
[13377]	9452.999878
[12156]	9547.000122
[14716]	9610.000000
[11185]	9656.000244
[14633]	9828.999756
[13043]	10180.000000
[14512]	10194.000000
[10162]	10309.000000
[14228]	10472.000000
[11203]	10571.000000
[10676]	10608.999756
[11337]	10614.000244
[13184]	10683.000488
[14711]	10953.000488
[10245]	11018.000214
[11898]	11066.000244
[12472]	11265.999756
[13370]	11520.000000
[15070]	11543.000000
[10287]	11576.000244
[12223]	11641.999878
[12917]	11682.000275
[10312]	11750.000000
[11537]	11770.000000
[16263]	11783.000366
[12898]	11913.999756
[14828]	12152.999756
[13943]	12451.000000
[12884]	12589.999512
[10551]	12616.000366
[16085]	12677.000000
[15192]	12804.000244
[11982]	12838.000488
[13433]	12855.000122
[14207]	13396.999512
[15567]	13469.000000
[10469]	13891.999512
[13795]	13927.000000
[13029]	14013.000000
[11164]	14081.000000
[13277]	14190.000000
[14698]	14287.000000
[12026]	14424.000000
[10716]	14771.000000
[12280]	14970.000732
[15027]	15289.999512
[12101]	15691.999512
[11953]	15964.000488
[11244]	16204.000488
[15513]	16375.999268
[12819]	16614.999756
[12003]	16650.000732
[13360]	16680.000000
[16232]	16882.000488
[13476]	16931.999756
[15023]	17136.999756
[11413]	17298.000000
[12520]	17376.000000
[12951]	17589.000488
[10685]	17904.000366
[11928]	17932.999512
[14098]	18166.999512
[10154]	18797.999268
[11641]	18972.000000
[15323]	19216.000000
[11488]	19428.000000
[11612]	19440.000000
[10372]	19768.000488
[11921]	20005.999512
[15402]	20203.999512
[15718]	20336.000000
[11146]	20454.000000
[10434]	20614.000854
[10208]	20638.000488
[10696]	21562.000488
[13243]	22164.000000
[10575]	22301.000244
[15566]	22528.999023
[10408]	22573.000366
[12206]	22584.000366
[13694]	22632.999512
[15380]	22902.000732
[12073]	23035.000488
[12051]	23451.000000
[16149]	23567.000488
[11973]	23949.999268
[10627]	23958.999023
[11290]	24045.000000
[10990]	24054.000732
[15356]	24066.000977
[10581]	24422.000244
[11624]	24513.000000
[11648]	24529.000488
[10911]	24609.999023
[13218]	24693.999023
[14814]	24786.998779
[13422]	25560.000000
[10394]	26150.000000
[13952]	26150.000488
[11977]	26466.000244
[10638]	26750.000977
[14574]	26759.000977
[10732]	26790.999512
[14681]	27390.000000
[11252]	27774.000977
[14689]	27901.999023
[15249]	28166.001221
[11140]	28278.999756
[14108]	28918.999512
[10135]	29000.000000
[14696]	29060.000610
[15455]	29622.000488
[14489]	29690.000000
[14457]	29949.999023
[10279]	30184.000488
[14824]	30319.000000
[15595]	30348.999023
[15084]	30720.999756
[10846]	30771.999756
[10666]	30893.998535
[11721]	31347.001099
[13256]	31614.001465
[10781]	31635.999756
[16042]	31980.998779
[13367]	32370.000000
[14918]	32876.000977
[11823]	33445.001343
[14252]	33570.998779
[11915]	34101.000000
[10980]	34297.000000
[14153]	34473.999023
[10521]	34576.000488
[10244]	34641.999023
[11637]	34884.000000
[14955]	34926.000732
[12991]	36453.999023
[11868]	36810.000000
[10877]	37161.999512
[13269]	37378.000488
[12896]	37522.000000
[12323]	37713.999512
[14986]	37840.000000
[14262]	38659.998535
[13264]	38806.000977
[13486]	38854.000732
[12441]	39247.000977
[14210]	39284.000977
[10752]	39638.000488
[12990]	40924.000000
[10620]	41368.000488
[12523]	41600.000000
[10357]	41758.000000
[10431]	42399.000000
[15058]	42561.000977
[13158]	42764.000244
[12448]	44992.001953
[14717]	45005.000000
[16215]	45162.001953
[12699]	45164.000000
[11603]	45523.000000
[13408]	45725.001465
[12693]	45799.000000
[14783]	46780.998047
[11775]	46867.000122
[11481]	46969.001343
[10158]	47050.998047
[12217]	47730.000732
[12391]	47959.999146
[10868]	48548.000488
[15624]	48678.000000
[13514]	48756.000000
[11003]	48817.999512
[13560]	49077.000000
[14082]	49113.000000
[13230]	52298.000488
[14012]	52881.000977
[12169]	52925.000000
[10415]	53639.998535
[10785]	53956.001953
[10849]	54190.001953
[11444]	54253.999512
[10517]	54341.002930
[12010]	54639.000244
[11118]	55062.998047
[12402]	55313.999023
[11109]	56886.000488
[10411]	57679.000488
[11630]	57994.000305
[10874]	59484.997559
[12945]	59967.998535
[10466]	61442.999390
[15013]	63136.000977
[15919]	63255.000000
[15024]	63406.001953
[11625]	65950.999023
[12197]	66543.999390
[11638]	68171.998535
[15258]	68931.000000
[11995]	72316.001953
[14312]	73243.998047
[15092]	73377.999023
[14193]	74137.000488
[12278]	77148.998291
[14677]	77473.000000
[13485]	80078.000488
[11369]	80162.998047
[15412]	83688.003418
[11996]	84206.001953
[15096]	84595.000000
[12986]	85691.998047
[13296]	85955.000977
[14321]	87153.000000
[13165]	87936.002930
[14112]	88620.999146
[14838]	90076.998047
[12966]	90182.997070
[10711]	91048.000488
[11267]	91164.001465
[12395]	91213.998047
[12992]	92453.003906
[16321]	97272.000000
[13605]	98122.997559
[14739]	98517.996094
[12651]	100891.003418
[14685]	100907.000000
[14576]	102688.000488
[13518]	108603.002930
[11423]	108914.996338
[11988]	112448.000000
[11986]	114663.997314
[10599]	115870.995605
[15306]	117618.996094
[12016]	117723.999023
[13577]	118597.002441
[15376]	119684.999023
[12954]	120314.999023
[10257]	121626.997559
[14832]	122375.999023
[16257]	125246.997070
[13180]	125685.000977
[11540]	126330.998779
[14286]	127681.001953
[15370]	128652.000488
[11651]	129066.005859
[11435]	131289.005859
[13156]	132769.003418
[12982]	134045.003906
[14761]	136075.998535
[12758]	140403.000977
[14309]	142380.000000
[11884]	143924.000000
[11455]	144459.996094
[12143]	144989.000000
[14066]	151577.000000
[13931]	151940.003906
[10713]	153069.995361
[14730]	153900.995850
[14524]	158150.995361
[14307]	158865.002930
[11874]	160698.001953
[16217]	161309.996094
[14293]	165426.996094
[14570]	166639.993164
[13851]	169079.003906
[10994]	171187.002930
[13891]	173177.995605
[10800]	174634.998047
[13244]	187046.009155
[14027]	204762.007813
[10792]	211414.998047
[13871]	213433.003418
[10140]	218382.999512
[12277]	233821.998047
[14635]	235173.001465
[10292]	242410.004883
[12451]	242846.997070
[16229]	247621.000977
[10529]	257467.998047
[13830]	296493.989258
[13342]	306121.008789
[10299]	307627.991455
[11193]	309680.000000
[13252]	328776.000000
[11066]	334853.006836
[13744]	339750.003906
[11760]	342611.007813
[10920]	348070.997070
[14122]	373139.990234
[14683]	381826.992188
[11042]	384513.999023
[14843]	394490.002441
[12339]	396892.989746
[11032]	415330.004883
[14908]	445994.000000
[14893]	449769.996094
[13495]	479224.995117
[14831]	482830.988770
[14492]	488265.000000
[13198]	507148.998535
[16271]	511590.996094
[10423]	540695.019531
[13796]	542047.005371
[12191]	562151.986816
[10693]	589764.011719
[11259]	636839.013672
[15016]	637735.995117
[12972]	731954.988281
[15304]	735184.997070
[14057]	844478.984375
[12173]	864252.020508
[14679]	908708.027344
[12264]	992577.026367
[11278]	1019068.995117
[14869]	1032749.044922
[13232]	1048173.991211
[10821]	1130236.980469
[11697]	1144120.007813
[12953]	1344383.962891
[14100]	1344825.982422
[11433]	1520802.026367
[10721]	1692003.002930
[13487]	1699479.052734
[13204]	1711438.993164
[11618]	1713859.037109
[13303]	1718680.919922
[14107]	1772944.031250
[12266]	1791747.027344
[11057]	1948431.076172
[12889]	1973557.980469
[14747]	2103871.992188
[14771]	2356436.988281
[11292]	2548989.077148
[12478]	2647449.077148
[11298]	2788509.046875
[13930]	3523106.953125
[12892]	3613145.156250
[10397]	4513852.154297
