[10033]	0.000000
[10053]	0.000000
[10171]	0.000000
[10194]	0.000000
[10209]	0.000000
[10317]	0.000000
[10347]	0.000000
[10386]	0.000000
[10480]	0.000000
[10555]	0.000000
[10562]	0.000000
[10615]	0.000000
[10617]	0.000000
[10715]	0.000000
[10817]	0.000000
[10819]	0.000000
[10856]	0.000000
[10952]	0.000000
[10971]	0.000000
[10982]	0.000000
[11036]	0.000000
[11050]	0.000000
[11138]	0.000000
[11198]	0.000000
[11204]	0.000000
[11230]	0.000000
[11405]	0.000000
[11415]	0.000000
[11450]	0.000000
[11522]	0.000000
[11816]	0.000000
[11938]	0.000000
[12018]	0.000000
[12125]	0.000000
[12132]	0.000000
[12263]	0.000000
[12324]	0.000000
[12436]	0.000000
[12598]	0.000000
[12625]	0.000000
[12933]	0.000000
[12938]	0.000000
[12947]	0.000000
[12956]	0.000000
[12957]	0.000000
[13024]	0.000000
[13055]	0.000000
[13113]	0.000000
[13246]	0.000000
[13292]	0.000000
[13297]	0.000000
[13540]	0.000000
[13629]	0.000000
[13667]	0.000000
[13682]	0.000000
[13689]	0.000000
[13763]	0.000000
[13785]	0.000000
[13788]	0.000000
[13809]	0.000000
[13832]	0.000000
[13850]	0.000000
[13947]	0.000000
[13954]	0.000000
[14004]	0.000000
[14030]	0.000000
[14196]	0.000000
[14380]	0.000000
[14467]	0.000000
[14496]	0.000000
[14553]	0.000000
[14561]	0.000000
[14736]	0.000000
[14769]	0.000000
[14807]	0.000000
[14853]	0.000000
[14886]	0.000000
[14922]	0.000000
[14991]	0.000000
[15043]	0.000000
[15045]	0.000000
[15053]	0.000000
[15113]	0.000000
[15129]	0.000000
[15153]	0.000000
[15163]	0.000000
[15208]	0.000000
[15246]	0.000000
[15256]	0.000000
[15343]	0.000000
[15433]	0.000000
[15458]	0.000000
[15601]	0.000000
[15603]	0.000000
[15610]	0.000000
[15774]	0.000000
[15842]	0.000000
[15906]	0.000000
[15930]	0.000000
[16007]	0.000000
[16078]	0.000000
[16091]	0.000000
[16128]	0.000000
[16141]	0.000000
[16178]	0.000000
[16336]	0.000000
[16456]	0.000000
[16668]	0.000000
[16721]	0.000000
[10670]	1.000000
[10730]	1.000000
[11295]	1.000000
[11538]	1.000000
[11842]	1.000000
[12108]	1.000000
[12869]	1.000000
[12983]	1.000000
[13501]	1.000000
[13574]	1.000000
[13587]	1.000000
[15091]	1.000000
[15440]	1.000000
[15604]	1.000000
[15650]	1.000000
[15708]	1.000000
[16581]	1.000000
[16720]	1.000000
[10432]	2.000000
[11000]	2.000000
[11367]	2.000000
[11376]	2.000000
[11646]	2.000000
[12252]	2.000000
[13008]	2.000000
[13450]	2.000000
[13672]	2.000000
[13778]	2.000000
[14412]	2.000000
[14695]	2.000000
[14898]	2.000000
[15602]	2.000000
[15660]	2.000000
[15879]	2.000000
[15882]	2.000000
[16267]	2.000000
[16498]	2.000000
[10511]	3.000000
[10938]	3.000000
[11086]	3.000000
[11975]	3.000000
[12055]	3.000000
[12782]	3.000000
[12987]	3.000000
[13418]	3.000000
[14268]	3.000000
[15446]	3.000000
[16191]	3.000000
[16311]	3.000000
[16540]	3.000000
[16724]	3.000000
[11165]	4.000000
[11421]	4.000000
[11774]	4.000000
[12566]	4.000000
[13546]	4.000000
[13757]	4.000000
[14854]	4.000000
[15278]	4.000000
[15448]	4.000000
[15853]	4.000000
[16174]	4.000000
[16443]	4.000000
[16553]	4.000000
[12900]	4.000000
[14493]	4.000000
[10519]	5.000000
[10923]	5.000000
[11025]	5.000000
[11512]	5.000000
[11592]	5.000000
[11720]	5.000000
[11899]	5.000000
[12743]	5.000000
[12773]	5.000000
[12785]	5.000000
[14091]	5.000000
[14182]	5.000000
[14236]	5.000000
[15093]	5.000000
[16429]	5.000000
[11282]	6.000000
[11628]	6.000000
[12274]	6.000000
[14013]	6.000000
[14295]	6.000000
[14712]	6.000000
[15042]	6.000000
[10637]	7.000000
[11241]	7.000000
[11280]	7.000000
[12136]	7.000000
[12353]	7.000000
[14046]	7.000000
[14229]	7.000000
[14255]	7.000000
[15599]	7.000000
[15731]	7.000000
[16643]	7.000000
[10385]	8.000000
[13599]	8.000000
[13676]	8.000000
[14577]	8.000000
[14792]	8.000000
[15934]	8.000000
[16051]	8.000000
[14987]	8.000000
[10325]	9.000000
[10706]	9.000000
[11098]	9.000000
[11215]	9.000000
[12370]	9.000000
[12857]	9.000000
[12944]	9.000000
[13415]	9.000000
[13898]	9.000000
[13935]	9.000000
[14863]	9.000000
[16253]	9.000000
[16162]	10.000000
[12141]	10.000000
[13674]	10.000000
[13987]	10.000000
[14050]	10.000000
[13381]	11.000000
[14530]	11.000000
[15504]	11.000000
[10965]	11.000000
[10278]	12.000000
[11245]	12.000000
[12294]	12.000000
[12638]	12.000000
[13890]	12.000000
[14759]	12.000000
[16158]	12.000000
[16603]	12.000000
[12916]	12.000000
[15447]	13.000000
[11675]	13.000000
[12705]	13.000000
[15177]	13.000000
[11711]	13.000000
[13507]	13.000000
[11431]	14.000000
[11317]	14.000000
[11510]	14.000000
[12854]	14.000000
[15061]	14.000000
[16339]	14.000000
[12771]	15.000000
[13535]	15.000000
[10076]	16.000000
[10557]	16.000000
[11827]	16.000000
[12315]	16.000000
[13731]	16.000000
[15472]	16.000000
[14320]	16.000000
[12720]	16.000000
[10324]	18.000000
[10042]	19.000000
[12866]	19.000000
[13693]	19.000000
[14167]	19.000000
[13714]	20.000000
[11484]	20.000000
[15339]	20.000000
[15754]	20.000000
[14119]	21.000000
[14871]	21.000000
[15385]	21.000000
[16022]	21.000000
[13654]	23.000000
[12621]	24.000000
[13536]	24.000000
[16340]	24.000000
[16484]	24.000000
[14880]	25.000000
[15160]	25.000000
[16353]	25.000000
[10322]	26.000000
[15245]	26.000000
[15793]	26.000000
[16016]	26.000000
[10016]	27.000000
[12784]	27.000000
[10005]	28.000000
[10996]	29.000000
[11559]	29.000000
[14816]	29.000000
[14551]	30.000000
[14628]	30.000000
[11053]	31.000000
[10237]	32.000000
[13715]	32.000001
[13094]	33.000000
[11728]	35.000000
[11643]	35.000001
[12635]	35.000001
[10535]	36.000000
[13564]	36.000000
[15236]	36.000000
[13111]	37.000000
[11028]	37.000000
[14282]	38.000000
[15843]	38.000000
[12633]	40.000000
[13016]	40.000000
[12663]	42.000000
[15725]	43.000000
[14477]	43.999999
[12737]	44.000001
[13618]	44.000001
[15171]	44.000001
[12748]	45.000000
[14313]	45.000000
[14273]	45.999999
[12653]	48.000000
[12348]	49.000000
[12641]	49.000000
[15618]	49.999999
[13826]	50.000000
[12185]	51.000000
[14929]	52.000000
[15012]	52.000000
[12222]	53.000000
[14218]	56.000000
[16310]	56.999998
[11463]	57.000000
[15798]	57.000000
[15885]	57.000000
[14115]	59.999998
[15700]	60.000000
[14397]	61.999998
[12235]	63.000000
[11859]	64.000000
[13949]	64.000000
[14028]	64.000000
[11619]	64.000002
[10243]	64.999998
[11007]	66.000000
[11453]	66.000000
[10065]	70.000000
[12772]	70.000000
[14559]	70.000000
[11924]	70.999998
[12494]	70.999999
[12676]	70.999999
[11511]	72.000000
[10540]	75.000001
[15794]	75.999997
[12671]	76.000002
[15231]	79.000000
[11411]	79.000002
[16567]	84.000000
[13934]	87.000000
[13461]	95.000000
[14130]	96.000004
[12755]	97.000000
[15085]	98.000000
[10085]	99.000000
[11458]	99.000000
[13704]	99.999996
[10216]	105.000000
[11952]	105.000000
[12868]	105.000000
[13806]	105.000000
[10884]	108.000000
[14799]	108.000000
[13579]	110.000004
[10329]	111.000000
[11123]	112.000000
[13439]	114.000000
[13710]	114.000000
[15570]	114.999996
[15709]	116.000004
[13863]	119.000000
[14534]	122.000000
[12615]	122.000004
[10933]	123.000000
[12087]	123.000002
[10241]	124.000000
[11216]	127.000000
[14288]	130.000000
[10313]	132.000000
[14474]	132.000000
[14856]	133.000000
[12841]	135.000000
[12822]	136.000000
[12709]	137.000000
[10405]	139.000000
[12902]	140.000000
[16390]	140.000000
[10184]	141.000000
[11684]	141.000000
[15581]	143.000004
[11545]	144.000000
[12207]	144.000000
[14627]	145.000000
[11535]	146.000000
[15282]	146.000004
[14125]	147.000000
[15293]	148.000002
[11726]	150.000000
[12704]	152.000000
[11941]	156.000006
[14197]	158.000000
[14895]	158.000004
[11283]	161.000000
[13200]	162.000000
[11910]	163.000000
[13756]	171.000000
[10221]	172.000000
[13369]	172.000008
[10416]	173.000000
[15569]	173.000000
[15257]	175.000000
[10139]	178.999996
[15406]	180.000000
[15721]	181.000000
[13768]	183.999996
[12245]	187.000000
[12855]	188.000000
[12681]	189.000000
[12769]	192.999994
[12174]	194.999994
[14132]	195.000000
[13770]	198.000000
[14062]	198.000000
[11468]	202.000000
[15861]	202.000000
[15124]	204.000000
[16346]	205.000000
[12719]	206.000004
[10444]	208.000000
[14572]	208.999992
[16647]	210.000000
[12214]	213.999998
[14804]	213.999998
[15887]	218.999996
[12649]	220.000008
[12610]	220.999992
[10204]	221.000000
[10654]	221.000000
[12190]	221.000000
[11908]	229.000000
[10775]	231.000000
[11548]	235.000008
[11441]	237.000000
[12268]	238.000000
[14120]	238.000000
[12798]	241.000000
[10396]	241.999992
[13467]	242.999992
[14088]	247.000008
[10165]	249.000000
[11492]	255.000000
[12708]	256.000000
[14234]	260.000004
[13434]	265.999998
[12844]	266.000000
[15049]	270.000000
[15862]	270.000011
[13767]	271.000004
[10674]	271.000008
[10640]	272.000000
[11085]	272.000000
[13504]	272.000000
[14275]	272.999992
[13032]	273.000000
[15598]	274.000000
[10558]	277.000011
[11879]	281.000000
[13942]	282.999992
[14237]	284.000000
[10338]	287.000000
[13295]	293.000015
[12851]	303.000000
[14738]	307.999992
[16345]	312.000000
[10783]	319.000008
[10950]	321.000000
[14054]	323.000000
[13348]	324.000000
[14919]	328.999992
[12831]	329.000000
[13196]	329.000015
[11845]	334.000000
[13862]	336.000000
[14805]	338.000015
[14718]	340.000000
[10349]	346.000000
[11392]	346.000000
[12899]	346.000008
[14131]	347.999992
[13894]	349.999992
[12375]	358.000000
[15785]	363.000000
[10272]	364.000000
[11531]	364.999992
[11233]	367.999992
[14877]	369.000000
[13520]	374.000015
[10925]	375.000000
[13176]	377.000000
[13341]	385.999996
[10967]	387.000000
[13966]	387.000000
[11227]	390.000000
[12253]	392.000000
[11063]	411.000000
[12455]	418.000000
[15115]	419.000000
[11197]	428.000000
[15483]	429.000000
[10225]	430.000008
[11225]	432.000000
[15554]	432.000008
[12559]	436.000000
[15051]	441.000000
[12239]	450.000000
[14802]	450.000000
[12195]	454.000008
[11092]	459.000000
[15582]	460.000000
[12412]	465.000000
[12652]	465.000000
[11931]	466.000000
[14943]	466.000000
[14942]	467.000015
[14692]	468.000000
[14648]	471.000000
[11719]	474.000000
[12721]	477.000000
[15381]	479.000000
[14102]	479.999989
[10247]	482.000000
[16322]	486.000000
[14733]	518.000000
[12779]	519.000000
[13746]	519.000000
[15628]	519.000000
[11401]	530.000000
[13484]	530.000000
[15210]	531.000000
[12845]	540.000000
[10744]	546.000000
[12847]	559.000000
[13282]	560.000015
[13799]	565.000000
[14875]	570.000000
[10148]	571.000000
[10917]	574.000000
[12363]	577.000000
[13109]	590.999977
[12549]	594.000000
[13398]	594.000000
[14535]	599.000000
[14458]	614.000000
[10643]	615.000000
[15454]	615.000000
[13490]	619.000000
[14745]	628.000000
[15138]	638.000000
[12321]	638.000015
[12815]	650.000000
[11550]	654.000015
[11725]	659.000000
[15994]	663.000000
[12255]	664.000000
[10414]	668.000000
[11288]	671.000000
[13121]	671.000015
[15374]	671.000015
[11833]	673.000023
[13543]	674.000000
[12853]	675.999985
[12171]	682.000000
[11447]	687.000000
[10910]	696.000000
[12175]	698.000015
[10647]	708.000000
[13211]	711.000000
[14797]	711.000000
[14065]	712.000000
[12876]	716.000000
[10961]	733.000000
[13003]	739.000000
[13182]	755.000000
[15147]	776.000000
[16306]	781.000000
[11764]	793.000031
[13194]	814.000000
[11844]	815.000015
[11588]	833.000031
[10930]	839.000000
[12932]	860.000000
[12920]	898.000000
[13614]	912.000000
[10333]	919.999969
[11180]	943.000000
[14470]	954.000000
[14109]	959.000000
[12335]	980.000000
[14485]	1012.000000
[11730]	1015.000000
[16428]	1023.000000
[15237]	1041.000000
[15632]	1043.000000
[12807]	1057.000027
[11399]	1069.000015
[10304]	1099.000031
[10918]	1101.000000
[10954]	1102.000000
[11525]	1135.000000
[15317]	1163.000000
[13162]	1193.000000
[15167]	1198.000031
[14539]	1204.000000
[12129]	1204.999969
[14186]	1215.000000
[15008]	1218.000000
[12888]	1234.000000
[14231]	1244.000000
[15991]	1245.000000
[16268]	1249.999969
[13829]	1262.000000
[15125]	1273.000000
[11214]	1293.000031
[15579]	1312.999969
[15478]	1312.999992
[12519]	1318.000000
[10579]	1325.000000
[11615]	1335.000000
[14451]	1381.000000
[11587]	1384.000031
[14259]	1386.000000
[14789]	1405.000000
[11315]	1426.999969
[11160]	1445.000000
[16233]	1460.000000
[13388]	1463.000000
[12177]	1477.000000
[11519]	1483.000031
[10545]	1492.000000
[14543]	1500.000000
[10589]	1510.999969
[13095]	1541.000000
[12728]	1547.000000
[12365]	1569.000000
[11762]	1592.000061
[12343]	1622.000000
[15130]	1628.000000
[10361]	1646.000000
[15841]	1652.999969
[12115]	1654.000000
[11905]	1677.000000
[15018]	1723.000000
[11654]	1752.000000
[11471]	1772.000000
[10970]	1788.000000
[10621]	1798.000031
[15584]	1876.000000
[14582]	1887.000000
[14583]	1911.000000
[14306]	1913.000000
[14006]	1945.000000
[10926]	1976.000000
[10280]	1978.000000
[14722]	2011.000000
[12244]	2014.000000
[10559]	2014.000061
[10141]	2019.000000
[13964]	2024.000061
[13105]	2033.000000
[15910]	2036.000000
[10739]	2044.000000
[13169]	2049.000000
[12969]	2064.000000
[13344]	2067.000000
[13068]	2086.000000
[15643]	2102.000000
[10268]	2106.000000
[12511]	2109.000000
[10448]	2164.000000
[12164]	2175.000000
[13900]	2211.000000
[11170]	2222.000000
[11345]	2240.000000
[10482]	2243.000000
[13241]	2250.000000
[11301]	2288.000000
[14022]	2325.000000
[11332]	2328.999939
[15897]	2356.000000
[11013]	2361.000000
[11867]	2375.000000
[16097]	2396.000000
[10728]	2412.000000
[14819]	2426.999969
[11997]	2434.000061
[10631]	2441.000000
[10929]	2458.000000
[14278]	2466.000000
[10779]	2470.000000
[14250]	2480.000000
[11445]	2490.999939
[14081]	2511.000061
[15868]	2532.000000
[11076]	2541.000061
[13166]	2628.000000
[14520]	2637.999939
[11865]	2641.000000
[13048]	2667.000000
[15389]	2682.000000
[12492]	2703.000092
[16476]	2804.000000
[15215]	2809.000000
[11274]	2817.000000
[13692]	2828.000000
[13983]	2910.000000
[15855]	2923.000000
[12119]	2947.000122
[15401]	2957.000000
[14113]	2973.000000
[11336]	2979.999847
[14168]	2998.000000
[10146]	3020.000000
[15174]	3065.000000
[14256]	3110.000000
[11027]	3124.000000
[10717]	3145.000122
[10613]	3149.000000
[13628]	3204.000000
[10731]	3224.000000
[12007]	3253.000000
[15607]	3318.000000
[14960]	3327.000000
[13002]	3376.999847
[16115]	3416.000000
[12124]	3425.000000
[11075]	3509.000000
[11534]	3523.000000
[12397]	3535.000000
[10011]	3562.999878
[11470]	3606.000000
[11172]	3613.000000
[12180]	3649.000000
[11150]	3702.000000
[10275]	3750.000000
[14092]	3800.000000
[16304]	3801.000000
[15048]	3830.000000
[11699]	3849.000000
[14303]	3862.000000
[13034]	3886.999969
[16173]	3906.000000
[14468]	3930.000000
[11126]	3996.000000
[14709]	4012.999878
[12849]	4044.000000
[16242]	4089.000000
[12012]	4129.000000
[11187]	4159.000000
[11563]	4164.000000
[14487]	4302.000122
[14588]	4312.000000
[15497]	4408.000122
[12553]	4487.000122
[13459]	4522.000122
[11308]	4525.999878
[10658]	4531.000000
[12184]	4550.000000
[10754]	4559.000183
[12891]	4595.000000
[10878]	4603.000000
[14905]	4611.000000
[15411]	4623.000000
[11671]	4650.000000
[11907]	4681.999878
[10205]	4726.000000
[11082]	4846.000000
[13933]	4895.000000
[16218]	4967.000000
[12915]	4974.000000
[14150]	4992.999878
[10542]	4994.000000
[14924]	5043.000000
[13594]	5157.000000
[14842]	5165.000000
[13290]	5205.000000
[16101]	5215.000000
[13970]	5230.999756
[11111]	5272.000000
[12094]	5278.000000
[12066]	5316.000000
[15022]	5341.000122
[10155]	5342.000000
[14704]	5412.000000
[13625]	5494.000244
[15626]	5500.999878
[12250]	5505.000000
[11049]	5556.000000
[13532]	5634.000000
[11097]	5637.000000
[10568]	5638.000000
[13873]	5748.000076
[10150]	5871.000000
[11695]	5881.000000
[12389]	6006.000000
[14637]	6013.000000
[14794]	6088.999878
[13604]	6135.000000
[13127]	6221.999817
[13139]	6261.000000
[14299]	6355.000000
[11793]	6481.000000
[14849]	6530.999756
[13306]	6558.000000
[11067]	6592.000000
[14051]	6610.000000
[10157]	6647.000000
[14674]	6664.000000
[14879]	6672.000000
[16293]	6678.000000
[14645]	6696.999756
[10210]	6753.999756
[11980]	6834.000000
[10608]	6856.000000
[13043]	6890.000000
[14314]	6912.000000
[10577]	6952.000122
[16133]	7022.000183
[12472]	7059.000000
[12544]	7072.000000
[11577]	7155.000000
[12627]	7238.000000
[10136]	7385.999756
[14239]	7391.000000
[14222]	7449.000000
[13289]	7490.999756
[13076]	7584.000000
[10486]	7743.000000
[11778]	7929.000000
[11503]	8037.000000
[10661]	8133.000000
[11869]	8168.000244
[11950]	8247.999756
[10590]	8329.000397
[10561]	8487.000122
[15295]	8489.999939
[11122]	8685.000000
[16163]	8740.000000
[13347]	8820.999756
[14952]	8937.999756
[10170]	8951.999634
[14633]	9021.000000
[10758]	9046.000000
[13377]	9167.000244
[12156]	9279.000244
[10245]	9505.999786
[11617]	9550.000000
[13502]	9587.000122
[13602]	9615.000000
[14512]	9618.000183
[10872]	9707.000000
[16477]	9825.999756
[11898]	9894.000122
[14716]	9963.000000
[10747]	9981.999695
[11731]	10020.999756
[11052]	10095.000000
[11203]	10238.000244
[11070]	10260.000000
[12265]	10463.000244
[14711]	10731.999512
[13184]	10788.999756
[15741]	10988.999817
[13061]	11054.000305
[11555]	11211.000061
[10676]	11396.000000
[14828]	11657.000244
[10162]	11683.000000
[13943]	11724.000000
[15041]	11829.000366
[10185]	11945.999878
[11982]	12040.999756
[14025]	12235.000244
[11337]	12242.000000
[14254]	12499.999512
[10551]	12594.999573
[12898]	12754.000244
[12884]	12785.000000
[16263]	12894.000000
[13433]	13099.000122
[11185]	13132.000488
[12917]	13244.000427
[10469]	13282.000000
[15070]	13334.000244
[13370]	13390.000000
[12223]	13410.000000
[14228]	13467.000000
[10287]	13474.000488
[11537]	13609.000244
[15192]	13640.000000
[13277]	13878.000000
[13029]	13933.999512
[11888]	13998.000000
[13541]	14057.999756
[14698]	14254.000000
[13795]	14686.999512
[12026]	14840.000000
[11953]	14851.000488
[10312]	15136.999512
[15567]	15355.000000
[10716]	15439.000000
[14207]	15545.000000
[12101]	15651.000000
[15027]	15916.000488
[16085]	16315.000488
[13360]	16366.000488
[10685]	16538.999268
[16232]	16560.000000
[12280]	16584.000000
[13476]	17393.000488
[15023]	17411.999634
[15513]	17878.000000
[14098]	18028.999512
[12951]	18170.000244
[12003]	18188.000000
[11164]	18219.000000
[15323]	18325.000488
[11413]	18679.999512
[11612]	18696.000000
[11641]	19216.999512
[11244]	19269.000488
[11488]	19855.999512
[11146]	20004.000488
[15402]	20136.000000
[12819]	20189.000000
[11921]	20300.000488
[10434]	20817.000244
[10208]	20835.000000
[12520]	20964.000000
[13694]	21546.000000
[12206]	21867.000122
[11973]	21957.000366
[15718]	22217.000000
[10408]	22315.999512
[16149]	22893.999756
[10990]	23259.000000
[15566]	23998.999512
[10627]	24302.999268
[10911]	24662.000977
[10372]	24862.999878
[15356]	25008.000732
[11290]	25019.000000
[14814]	25445.000610
[13422]	25888.999268
[13243]	26400.999023
[14574]	26513.000732
[11977]	26642.999756
[10575]	26685.000000
[10696]	26831.000977
[11928]	26896.000977
[13952]	26934.000488
[14108]	27017.999023
[11624]	27758.999268
[15249]	27939.999023
[14824]	28077.000000
[12051]	28175.000977
[11140]	28183.000244
[11252]	28315.000000
[14696]	28642.999512
[13218]	28775.000000
[10638]	29392.000488
[16042]	29546.999023
[10279]	29612.999268
[10732]	29790.999756
[14689]	30489.000000
[10154]	30508.001221
[15455]	30526.000488
[10135]	31083.999023
[12073]	31116.999023
[10581]	31247.000244
[13367]	31481.001221
[10394]	31641.001465
[10781]	31712.000977
[10666]	31981.999512
[14681]	32003.000977
[15595]	32183.000488
[14489]	32236.000000
[10846]	32387.998779
[14918]	32770.000000
[11823]	33715.999023
[13256]	33832.999512
[10980]	34082.000977
[14457]	34245.001465
[11721]	34427.000244
[14252]	34739.000488
[11637]	36263.000000
[15084]	36312.999023
[14986]	36448.000000
[15380]	36525.000000
[12896]	37290.000000
[10877]	37609.000000
[10521]	37816.000977
[14262]	37818.000000
[11915]	38003.000977
[14955]	38383.001465
[11648]	38400.998535
[15058]	38700.000000
[12323]	38799.000000
[14153]	39226.998535
[13264]	39263.000977
[10752]	39705.000000
[13158]	40371.000366
[12991]	42816.999023
[12699]	42939.000000
[13269]	43005.001465
[14210]	43385.998535
[10357]	43884.001465
[10620]	44197.001953
[12523]	44417.000977
[11775]	44898.001953
[13408]	45146.000977
[11603]	45204.999023
[11868]	45311.000000
[12448]	45392.001953
[10431]	45468.000000
[13560]	45948.000000
[12217]	46317.001343
[14783]	47109.999023
[11481]	47211.997803
[13486]	47656.000488
[12169]	47742.000000
[10868]	48184.000977
[12990]	48344.000244
[15624]	48630.001465
[10244]	49013.000977
[11003]	49258.998291
[16215]	51154.001953
[13230]	51460.000000
[12441]	52132.998047
[11444]	52263.000000
[13514]	52764.001465
[14082]	52979.998535
[14717]	53124.000000
[10158]	53335.001221
[12391]	53394.999756
[10517]	53465.000977
[12693]	53606.000000
[10415]	56071.998047
[11118]	56525.000000
[10785]	56779.998779
[10874]	57038.000000
[11630]	59871.998291
[12402]	60246.000977
[11109]	60247.998047
[14012]	60532.001953
[12945]	62481.998047
[15258]	63919.001953
[15919]	64035.000000
[12010]	64866.001465
[11625]	66394.001953
[15024]	67546.999512
[10411]	67964.000977
[10849]	68979.001953
[10466]	69236.002441
[12197]	69404.998535
[11995]	69534.001465
[13165]	69890.002930
[14312]	72954.002197
[11638]	73408.000488
[12278]	75392.000000
[14193]	75928.996582
[13485]	77860.999023
[15013]	79408.998047
[12966]	82887.996094
[11996]	83716.996582
[11369]	84227.001953
[15412]	84277.998047
[12395]	85744.001953
[12986]	87578.997559
[12992]	87627.000000
[11267]	88282.001221
[15092]	88741.002930
[14677]	88875.003906
[13296]	89240.003418
[15096]	89785.000000
[14321]	96593.999023
[14112]	97899.997070
[16321]	99642.000000
[10711]	99935.000000
[14685]	101942.002197
[12651]	103994.000000
[14576]	106884.000000
[11423]	106980.996094
[13518]	107716.998047
[14838]	108590.000000
[10599]	113874.000000
[11986]	114360.001221
[13605]	115831.002930
[15306]	116964.996094
[14739]	120127.998047
[15376]	120479.996338
[11651]	120941.000000
[15370]	123312.000000
[12016]	123939.003906
[11988]	124594.996094
[11435]	124702.005859
[14832]	126829.003906
[12954]	128367.004395
[11540]	128500.997314
[13156]	128844.000000
[10257]	129574.995117
[13577]	132538.998047
[12143]	135095.000977
[14309]	136919.997070
[16257]	142143.998047
[13180]	142556.998535
[12982]	143789.003906
[14286]	143822.997070
[14730]	147361.999023
[10713]	149234.996338
[14761]	151683.995117
[14066]	151852.998047
[11884]	153179.003906
[12758]	153529.997559
[13931]	157488.000000
[14524]	161348.005371
[14307]	161721.002197
[10994]	168105.004883
[11455]	168588.996094
[13851]	168809.000000
[11874]	170116.994141
[10800]	172788.000000
[13891]	173911.994873
[14570]	174214.000000
[16217]	175437.993164
[13244]	183805.000000
[13871]	191287.997559
[14293]	204938.001465
[14027]	207435.991699
[10140]	217550.000000
[10792]	224314.011719
[10292]	225006.000000
[12277]	228083.007813
[14635]	236892.000000
[12451]	243162.993164
[10529]	264532.010254
[16229]	273934.992188
[13342]	298351.998047
[11193]	308457.002930
[13830]	312962.013672
[13744]	320649.000000
[10920]	328781.004883
[11066]	331978.000000
[10299]	342139.005371
[11760]	342375.000000
[13252]	366044.996094
[14122]	369610.007813
[11042]	384946.007813
[12339]	385006.000488
[14683]	388491.982422
[11032]	447011.982422
[13495]	448835.994141
[14908]	449311.002930
[14843]	457116.987305
[14893]	463465.992188
[14492]	496578.987305
[14831]	497808.984375
[13198]	509104.006836
[16271]	549710.970703
[10423]	552392.015137
[13796]	557667.019531
[12191]	564865.009277
[10693]	584753.017578
[11259]	621394.982910
[15016]	626007.000000
[12972]	634986.000000
[15304]	760097.001953
[12173]	906495.966797
[14057]	916036.998047
[14679]	977299.013672
[11278]	1001322.996094
[13232]	1043745.978516
[14869]	1053829.968750
[12264]	1077415.038086
[10821]	1164166.013672
[11697]	1229389.992188
[12953]	1299760.998047
[14100]	1394993.945313
[11433]	1537229.052734
[13487]	1775306.937500
[10721]	1779730.063477
[14107]	1798287.026367
[11618]	1839374.056641
[13204]	1850947.999023
[12266]	1893594.921875
[13303]	1941797.943359
[11057]	1976804.057617
[12889]	1999427.015625
[14747]	2284640.093750
[14771]	2576356.054688
[11292]	2668933.921875
[12478]	2921099.938477
[11298]	2927117.912109
[13930]	3576301.006836
[12892]	3948629.132813
[10397]	4577797.054688
