[10033]	0.000000
[10209]	0.000000
[10298]	0.000000
[10314]	0.000000
[10324]	0.000000
[10385]	0.000000
[10386]	0.000000
[10480]	0.000000
[10562]	0.000000
[10585]	0.000000
[10617]	0.000000
[10715]	0.000000
[10817]	0.000000
[10952]	0.000000
[10971]	0.000000
[10982]	0.000000
[11036]	0.000000
[11050]	0.000000
[11086]	0.000000
[11138]	0.000000
[11198]	0.000000
[11204]	0.000000
[11280]	0.000000
[11282]	0.000000
[11333]	0.000000
[11351]	0.000000
[11415]	0.000000
[11450]	0.000000
[11487]	0.000000
[11510]	0.000000
[11522]	0.000000
[11663]	0.000000
[11816]	0.000000
[11885]	0.000000
[11930]	0.000000
[11938]	0.000000
[12018]	0.000000
[12055]	0.000000
[12125]	0.000000
[12131]	0.000000
[12132]	0.000000
[12134]	0.000000
[12147]	0.000000
[12263]	0.000000
[12324]	0.000000
[12436]	0.000000
[12591]	0.000000
[12598]	0.000000
[12782]	0.000000
[12869]	0.000000
[12933]	0.000000
[12938]	0.000000
[12956]	0.000000
[12957]	0.000000
[13004]	0.000000
[13024]	0.000000
[13081]	0.000000
[13113]	0.000000
[13115]	0.000000
[13246]	0.000000
[13295]	0.000000
[13297]	0.000000
[13540]	0.000000
[13629]	0.000000
[13667]	0.000000
[13757]	0.000000
[13772]	0.000000
[13785]	0.000000
[13841]	0.000000
[13856]	0.000000
[13890]	0.000000
[13947]	0.000000
[13954]	0.000000
[14004]	0.000000
[14013]	0.000000
[14068]	0.000000
[14115]	0.000000
[14196]	0.000000
[14295]	0.000000
[14313]	0.000000
[14467]	0.000000
[14496]	0.000000
[14561]	0.000000
[14736]	0.000000
[14807]	0.000000
[14853]	0.000000
[14871]	0.000000
[14886]	0.000000
[14922]	0.000000
[14991]	0.000000
[15043]	0.000000
[15045]	0.000000
[15053]	0.000000
[15108]	0.000000
[15113]	0.000000
[15129]	0.000000
[15153]	0.000000
[15343]	0.000000
[15372]	0.000000
[15422]	0.000000
[15458]	0.000000
[15463]	0.000000
[15601]	0.000000
[15603]	0.000000
[15610]	0.000000
[15650]	0.000000
[15706]	0.000000
[15708]	0.000000
[15774]	0.000000
[15842]	0.000000
[15906]	0.000000
[16078]	0.000000
[16121]	0.000000
[16128]	0.000000
[16252]	0.000000
[16336]	0.000000
[16339]	0.000000
[16456]	0.000000
[16603]	0.000000
[16654]	0.000000
[16723]	0.000000
[10683]	1.000000
[10730]	1.000000
[10886]	1.000000
[10938]	1.000000
[11107]	1.000000
[11230]	1.000000
[11341]	1.000000
[11367]	1.000000
[11456]	1.000000
[11650]	1.000000
[11842]	1.000000
[12252]	1.000000
[12332]	1.000000
[12944]	1.000000
[12983]	1.000000
[13546]	1.000000
[13655]	1.000000
[14014]	1.000000
[14255]	1.000000
[14320]	1.000000
[15604]	1.000000
[15731]	1.000000
[15882]	1.000000
[16730]	1.000000
[16737]	1.000000
[16738]	1.000000
[16741]	1.000000
[13587]	1.000000
[14397]	1.000000
[10017]	2.000000
[10256]	2.000000
[10965]	2.000000
[11135]	2.000000
[11636]	2.000000
[11732]	2.000000
[11813]	2.000000
[12854]	2.000000
[13008]	2.000000
[13055]	2.000000
[13472]	2.000000
[13672]	2.000000
[13936]	2.000000
[13958]	2.000000
[13987]	2.000000
[14721]	2.000000
[14751]	2.000000
[14769]	2.000000
[14855]	2.000000
[15091]	2.000000
[15246]	2.000000
[16173]	2.000000
[10511]	3.000000
[12314]	3.000000
[12773]	3.000000
[12774]	3.000000
[14050]	3.000000
[14166]	3.000000
[15232]	3.000000
[15446]	3.000000
[15707]	3.000000
[16162]	3.000000
[16584]	3.000000
[16599]	3.000000
[16729]	3.000000
[10400]	4.000000
[11241]	4.000000
[11421]	4.000000
[11720]	4.000000
[11756]	4.000000
[11883]	4.000000
[11961]	4.000000
[12108]	4.000000
[12563]	4.000000
[12785]	4.000000
[13674]	4.000000
[14091]	4.000000
[14863]	4.000000
[15427]	4.000000
[15656]	4.000000
[16498]	4.000000
[16680]	4.000000
[16739]	4.000000
[11215]	4.000000
[14268]	4.000000
[13501]	5.000000
[13693]	5.000000
[13714]	5.000000
[14493]	5.000000
[10198]	6.000000
[10278]	6.000000
[10535]	6.000000
[11000]	6.000000
[11276]	6.000000
[11431]	6.000000
[11675]	6.000000
[11899]	6.000000
[12599]	6.000000
[12987]	6.000000
[13450]	6.000000
[13507]	6.000000
[15853]	6.000000
[16076]	6.000000
[16166]	6.000000
[16178]	6.000000
[16728]	6.000000
[14553]	7.000000
[13898]	7.000000
[10325]	7.000000
[11098]	7.000000
[12743]	7.000000
[12771]	7.000000
[13117]	7.000000
[14332]	7.000000
[15448]	7.000000
[13094]	8.000000
[14229]	8.000000
[16007]	8.000000
[16208]	8.000000
[16588]	8.000000
[10630]	9.000000
[10815]	9.000000
[12141]	9.000000
[14712]	9.000000
[16581]	9.000000
[12916]	10.000000
[13381]	10.000000
[13415]	10.000000
[13574]	10.000000
[14236]	10.000000
[15754]	10.000000
[11790]	11.000000
[12504]	11.000000
[15856]	11.000000
[12638]	11.000000
[15447]	11.000000
[11512]	12.000000
[12370]	12.000000
[13464]	12.000000
[14987]	12.000000
[15086]	12.000000
[15504]	12.000000
[11041]	13.000000
[13016]	13.000000
[15250]	13.000000
[16016]	13.000000
[16340]	13.000000
[11376]	14.000000
[11619]	14.000000
[14119]	14.000000
[15885]	14.000000
[11628]	15.000000
[14898]	15.000000
[15248]	15.000000
[16353]	15.000000
[11559]	16.000000
[12720]	16.000000
[10996]	16.000000
[11511]	16.000000
[12185]	17.000000
[13111]	17.000000
[11028]	18.000000
[11711]	18.000000
[13535]	19.000000
[14167]	19.000000
[15385]	19.000000
[12315]	20.000000
[10327]	21.000000
[11245]	21.000000
[15934]	21.000000
[11317]	22.000000
[13731]	22.000000
[15278]	22.000000
[14046]	22.000000
[14477]	22.000000
[15061]	22.000000
[15618]	22.000000
[12641]	23.000000
[10042]	24.000000
[10557]	24.000000
[12574]	24.000000
[12857]	24.000000
[13536]	24.000000
[12635]	25.000000
[12784]	25.999999
[11646]	26.000000
[10065]	27.000000
[11484]	28.000000
[12705]	28.000000
[13618]	28.000000
[12621]	29.000000
[11053]	29.000001
[14880]	29.000001
[10005]	30.000000
[13832]	30.000000
[10016]	32.000000
[13826]	32.000000
[15236]	33.000000
[12222]	33.999999
[15793]	34.000000
[10237]	35.000000
[12494]	35.000001
[12294]	36.000000
[15843]	37.000000
[12348]	39.000000
[13676]	39.999999
[11458]	40.000000
[13564]	40.000000
[10085]	41.000000
[12663]	42.000000
[12900]	42.000000
[13418]	42.000000
[13715]	42.000000
[15472]	42.000000
[15245]	45.999999
[10243]	47.000000
[10322]	48.000000
[12633]	50.000000
[11463]	51.000000
[15160]	52.000000
[14273]	53.000002
[11007]	54.000000
[12737]	57.000000
[15012]	57.000000
[11479]	58.000000
[12653]	61.000000
[12866]	61.000000
[12748]	61.999998
[15171]	61.999998
[11859]	63.000000
[12868]	67.000000
[11453]	68.000000
[12671]	70.999998
[12772]	71.000000
[10216]	75.000000
[12676]	75.000000
[11910]	76.000000
[13704]	76.000000
[11728]	78.999998
[15598]	79.000000
[15700]	79.000000
[11924]	79.999998
[14218]	83.000000
[14816]	83.000000
[14993]	83.000000
[14559]	83.999996
[15725]	85.000000
[15085]	85.000003
[15798]	86.000004
[12755]	87.000000
[15794]	87.999998
[13077]	91.000000
[14282]	96.000000
[12235]	96.000004
[16346]	98.000000
[16310]	99.000003
[13934]	104.000004
[10329]	105.000000
[11545]	107.000000
[11216]	108.000000
[14028]	109.000000
[16567]	109.000000
[11411]	110.000000
[11643]	110.000000
[14534]	110.000000
[12087]	110.999997
[15532]	112.000000
[13806]	113.000004
[10884]	114.000000
[12239]	114.000000
[12207]	116.000000
[10615]	117.000000
[15231]	118.000000
[14130]	118.999996
[10933]	123.000000
[12841]	123.000000
[13863]	130.000000
[12615]	133.999996
[12822]	135.000000
[15569]	136.000000
[11684]	146.000000
[13203]	146.000000
[11992]	148.000000
[14474]	148.000000
[12390]	149.000000
[10674]	150.000000
[15154]	150.000000
[13579]	151.000004
[15709]	152.000004
[10313]	153.000000
[10241]	154.000000
[11535]	157.999998
[15293]	159.000000
[11941]	161.000000
[13200]	161.000000
[11283]	164.000000
[10819]	164.000004
[13461]	167.000004
[15406]	169.000000
[11123]	170.000004
[15581]	171.000000
[10654]	172.000000
[14062]	173.000000
[15257]	174.000000
[10558]	175.000000
[14288]	175.000000
[14856]	177.000000
[14804]	180.000000
[12174]	181.999992
[12902]	182.000000
[12190]	183.000000
[10184]	185.000000
[11233]	186.000000
[12245]	186.000000
[14125]	186.000000
[14627]	186.000004
[13768]	187.000000
[10405]	190.000000
[11952]	190.000000
[11495]	191.000000
[16390]	192.000000
[14919]	193.000008
[10221]	194.000000
[10349]	196.000008
[12704]	199.000000
[13710]	206.999998
[14572]	207.000000
[12709]	211.999992
[10139]	212.000008
[12798]	213.000000
[15721]	216.000004
[10148]	222.000000
[12681]	223.000000
[16647]	223.000000
[15282]	223.000004
[12214]	226.000004
[10165]	230.000000
[10416]	235.999992
[10409]	236.000000
[13439]	237.000000
[13369]	238.000008
[14895]	238.999996
[11441]	241.000000
[14275]	241.000008
[15887]	241.000008
[10338]	242.000000
[15074]	242.000000
[12268]	242.000008
[13654]	252.000000
[14088]	256.000008
[11492]	257.000000
[12719]	257.000008
[10396]	259.999992
[10204]	261.000000
[12649]	261.000000
[13348]	261.000000
[11468]	265.999992
[12769]	265.999992
[15862]	266.999994
[11085]	268.000000
[12899]	268.000008
[10643]	268.999992
[12831]	274.000000
[12851]	275.999989
[12844]	277.000008
[14237]	278.000000
[11879]	282.000000
[12708]	282.000006
[13767]	282.999992
[13770]	284.000000
[12549]	286.000008
[14805]	286.000008
[10444]	288.000000
[11531]	288.000000
[14054]	289.000008
[15124]	291.000000
[16322]	291.000000
[11719]	295.000000
[11908]	298.000000
[12855]	300.999985
[11392]	301.000000
[16345]	306.000000
[13862]	308.000000
[16725]	310.000000
[13434]	315.999992
[13504]	320.000000
[14692]	326.000000
[11845]	327.000008
[13520]	327.999985
[12253]	332.000000
[10950]	334.999992
[15861]	337.999992
[14132]	338.000000
[13467]	341.000000
[10640]	342.999992
[11227]	345.000000
[13942]	347.000015
[16091]	349.000008
[14234]	349.000015
[14738]	352.000000
[12610]	353.000000
[10775]	361.000000
[13003]	364.000008
[12847]	365.000000
[13799]	376.000000
[12375]	378.000000
[14535]	378.000000
[10247]	379.000008
[13032]	379.000008
[10272]	380.000000
[15628]	381.000000
[10225]	387.000008
[14718]	390.000000
[15785]	391.000000
[10783]	395.000000
[12455]	395.000000
[10967]	397.000000
[11063]	398.000000
[10194]	398.000019
[11225]	403.000000
[13109]	404.000004
[10925]	405.000000
[13341]	408.999985
[15115]	414.000000
[11197]	416.000000
[12721]	420.000000
[14802]	435.000000
[14942]	435.999985
[15049]	442.999992
[15051]	444.000000
[13614]	447.000000
[14877]	447.000000
[14943]	448.000000
[11931]	453.000000
[13176]	453.000000
[14131]	456.000000
[15147]	463.000000
[14648]	467.000000
[12559]	468.000000
[13196]	470.999985
[12412]	471.000000
[12779]	471.000000
[11092]	474.000000
[13894]	474.999977
[16306]	478.000000
[13746]	491.000000
[14102]	496.999992
[12920]	517.000000
[15554]	518.000000
[13966]	520.000000
[15582]	528.000000
[12363]	541.000000
[13484]	542.000000
[10744]	546.999985
[12195]	554.000000
[15483]	554.000000
[15381]	557.000000
[16268]	562.000000
[10540]	564.000000
[15374]	564.000000
[10961]	569.000000
[14065]	577.000000
[15138]	588.000000
[14875]	590.000015
[14259]	592.000000
[12321]	599.000015
[13398]	600.000000
[15454]	601.000000
[13182]	611.000000
[11447]	612.000000
[15994]	612.000000
[13095]	613.000000
[13490]	617.000000
[10414]	622.000000
[12845]	627.000000
[12652]	630.999985
[11725]	637.000000
[14789]	637.000000
[10954]	640.000000
[11833]	655.000000
[12815]	662.000000
[11288]	665.000000
[15210]	666.000000
[14745]	667.000000
[10910]	672.000000
[11550]	678.000031
[11180]	681.000000
[10917]	695.999985
[12255]	709.000000
[14458]	725.000000
[13211]	748.000000
[14733]	748.000000
[11730]	749.000000
[13543]	751.000000
[12853]	754.000008
[13121]	759.999985
[10930]	785.000000
[13194]	798.000000
[12171]	815.999985
[11588]	820.000000
[12175]	823.999969
[11372]	839.000000
[13162]	859.000000
[13282]	865.000000
[14845]	878.000000
[14797]	894.000000
[11844]	895.999985
[14120]	924.000000
[15008]	932.000000
[12932]	933.000000
[10333]	937.000031
[14468]	955.999969
[12876]	956.000000
[12335]	968.000000
[15632]	971.000000
[15167]	986.000004
[10647]	997.999969
[11764]	1002.000000
[16428]	1023.000000
[10579]	1033.000000
[11399]	1069.000031
[14186]	1087.000000
[14485]	1101.999977
[10918]	1107.000000
[12129]	1119.000000
[14109]	1136.000000
[15579]	1151.000000
[15125]	1166.000000
[15317]	1173.000000
[11548]	1194.000000
[13829]	1203.000000
[14543]	1205.000000
[14231]	1218.000000
[14539]	1225.000000
[12519]	1237.000000
[12807]	1260.000015
[10621]	1263.000000
[12728]	1283.000000
[11525]	1288.000000
[15237]	1292.000000
[10304]	1301.999969
[12177]	1329.000000
[12888]	1406.000000
[12343]	1421.000000
[12365]	1426.000000
[13388]	1434.000000
[15130]	1434.000000
[11615]	1439.000000
[14722]	1444.000000
[14451]	1452.000000
[15841]	1489.000031
[14470]	1490.000000
[16233]	1492.999969
[10929]	1498.000000
[11762]	1500.000000
[11587]	1545.000000
[11345]	1584.000000
[11214]	1603.000000
[10545]	1619.000000
[15478]	1630.000061
[14819]	1637.000000
[14582]	1640.000061
[11315]	1643.000061
[11905]	1648.999939
[11160]	1658.000000
[10589]	1674.000000
[10361]	1702.000000
[15991]	1720.000000
[10448]	1755.000000
[14583]	1771.000000
[15584]	1774.000000
[15174]	1789.000000
[13068]	1797.000000
[14006]	1798.000000
[13692]	1827.000000
[13344]	1847.000000
[10559]	1884.999962
[11997]	1940.000061
[13983]	1941.000000
[14022]	1948.000000
[10970]	1953.000000
[10739]	1961.000061
[11471]	1962.000000
[13166]	1965.000000
[10280]	1975.000000
[13048]	1986.000000
[12164]	1997.000000
[10717]	2001.000000
[11534]	2027.000000
[14306]	2038.000000
[16476]	2058.000000
[15643]	2070.000000
[11301]	2074.000000
[13900]	2083.000000
[11013]	2113.000000
[16304]	2133.999939
[12969]	2148.000000
[13964]	2166.000061
[11027]	2166.999969
[15910]	2183.000000
[15897]	2195.000000
[10141]	2202.999939
[11332]	2234.000061
[13241]	2248.000000
[10728]	2267.000000
[11867]	2268.999939
[10482]	2284.000000
[12119]	2285.000000
[10926]	2292.000046
[12244]	2298.000000
[14992]	2344.000000
[10631]	2367.999939
[15215]	2372.000061
[15868]	2376.000000
[11519]	2377.000000
[15389]	2391.000000
[11865]	2404.000000
[12180]	2411.000061
[11654]	2420.000000
[12511]	2443.000000
[10779]	2456.000000
[14945]	2457.000000
[14520]	2458.000000
[10268]	2462.000000
[13105]	2483.999939
[12492]	2500.999969
[16097]	2503.000000
[14081]	2601.000000
[11076]	2661.000000
[10146]	2699.000061
[11075]	2708.000000
[12012]	2724.000000
[14256]	2751.999969
[11126]	2752.000000
[15855]	2754.000000
[11401]	2762.000000
[13169]	2789.000000
[14250]	2807.000000
[15401]	2923.000000
[10613]	2928.000000
[10731]	2938.000000
[11445]	2948.000000
[11671]	2996.000000
[11907]	3002.000061
[11170]	3058.000000
[11336]	3086.000031
[14960]	3120.000000
[14113]	3185.000000
[12124]	3257.000000
[12115]	3274.000000
[15607]	3307.000000
[10542]	3311.000000
[14637]	3355.000000
[12007]	3387.000000
[11274]	3403.000000
[12553]	3404.000000
[11172]	3472.000000
[14278]	3478.000000
[14150]	3498.000061
[14924]	3553.000122
[10011]	3588.000000
[11150]	3599.999939
[13034]	3613.000122
[13002]	3719.000092
[11699]	3731.000000
[11187]	3836.000000
[14905]	3867.000000
[15048]	3946.000122
[16115]	3959.000000
[14092]	4013.000000
[13594]	4030.000122
[10245]	4049.000137
[15626]	4080.000000
[11082]	4124.000000
[12184]	4143.000076
[11308]	4155.000000
[10590]	4183.999870
[14168]	4222.000000
[14588]	4233.000000
[13459]	4278.000000
[10878]	4285.000000
[14487]	4294.000000
[16242]	4315.000000
[13289]	4336.000122
[13628]	4417.000000
[11563]	4441.000031
[10205]	4463.000000
[15497]	4471.000122
[10275]	4526.000000
[13532]	4561.000000
[12094]	4585.000000
[10754]	4617.999756
[12915]	4642.000000
[14709]	4684.999939
[10568]	4784.000000
[10658]	4831.000000
[12849]	4837.000000
[12891]	4846.000000
[15411]	4958.000000
[14842]	4966.000000
[11980]	5029.999878
[12066]	5059.000000
[13933]	5191.000000
[14303]	5209.000000
[10155]	5240.000000
[16218]	5263.000122
[16293]	5302.000122
[15022]	5317.999878
[11470]	5394.000000
[13306]	5407.000000
[11097]	5456.000000
[16133]	5472.000000
[13290]	5483.000000
[13625]	5484.000000
[14051]	5493.000000
[11111]	5496.000000
[12250]	5522.999878
[14704]	5559.000000
[10210]	5628.000000
[16101]	5656.000122
[14879]	5670.000000
[10577]	5688.000000
[10150]	5742.000000
[11695]	5779.000122
[14849]	5790.000000
[10486]	5887.000000
[14299]	5915.000000
[13970]	5932.999878
[13043]	6088.999878
[13127]	6099.000000
[13873]	6127.000153
[11503]	6231.999756
[14794]	6288.000000
[14222]	6329.000000
[12389]	6412.999878
[11049]	6485.000000
[10157]	6610.000000
[14314]	6629.000000
[13139]	6641.000000
[12627]	6656.000000
[14239]	6844.000000
[11067]	7014.000000
[14674]	7089.999756
[11778]	7215.000000
[13347]	7253.000244
[13602]	7260.000000
[10136]	7283.000000
[10676]	7325.000244
[11950]	7359.999756
[14512]	7518.999603
[13604]	7596.000000
[12544]	7843.999878
[11555]	7877.000244
[10758]	8000.000000
[11122]	8040.999756
[11577]	8080.999756
[10661]	8133.000000
[11869]	8168.000244
[11070]	8214.000000
[15295]	8261.999878
[14952]	8352.000122
[14716]	8583.000000
[16477]	8598.000000
[14254]	8616.999756
[13076]	8673.000000
[10162]	8711.000000
[16163]	8724.000000
[10561]	8862.000000
[12397]	8929.000000
[13502]	9062.999878
[13377]	9124.000000
[11052]	9301.000000
[11793]	9305.000000
[10170]	9358.999634
[12156]	9390.000000
[12917]	9468.000031
[10747]	9586.000122
[13061]	9667.000305
[12223]	9688.000000
[11617]	9779.000000
[11898]	9915.999756
[10608]	10067.000000
[12265]	10193.999634
[10185]	10434.000366
[14633]	10451.000000
[10872]	10472.000000
[15192]	10510.999756
[14828]	10728.999756
[12472]	10824.999756
[13370]	10841.999512
[10312]	10902.000122
[11203]	10965.999878
[14228]	11049.000000
[14645]	11081.000000
[11244]	11128.000488
[15041]	11280.999756
[15741]	11472.999756
[13184]	11559.000000
[14207]	11799.000000
[11982]	12131.000244
[14025]	12162.000000
[11185]	12219.000000
[11337]	12569.000000
[12898]	12735.000000
[14711]	12772.999512
[11928]	12901.999512
[13433]	13022.000000
[10287]	13198.999512
[11537]	13269.999634
[15070]	13332.000000
[12101]	13450.000488
[13943]	13737.000000
[11731]	13766.999512
[15567]	13862.000000
[14698]	13892.000000
[13795]	14025.000000
[16263]	14084.999756
[13029]	14235.000000
[11888]	14446.999512
[10716]	14487.000000
[11164]	14496.000000
[10551]	14539.000366
[13541]	14551.000610
[13277]	14680.000488
[10469]	14720.000000
[12280]	15075.000000
[15513]	15184.999512
[12026]	15316.999512
[15018]	15520.000000
[10685]	15551.999512
[12884]	15658.000244
[16232]	16028.000488
[15023]	16030.999756
[11953]	16186.000488
[16085]	16240.000488
[13360]	16687.000000
[15027]	16759.000488
[12951]	16767.000000
[12003]	17007.000000
[13476]	17296.999512
[15323]	17467.999268
[11612]	17802.000000
[12819]	17973.000488
[11413]	18181.000488
[12520]	18304.000488
[14098]	18661.000244
[15718]	18970.000000
[11921]	19156.999512
[11146]	19483.999268
[11488]	19994.999268
[11641]	20035.999512
[12206]	20176.999512
[15402]	20589.000000
[15566]	20620.999512
[10434]	20708.999634
[10696]	21028.999512
[10208]	21332.000000
[10846]	21759.999390
[14824]	21893.000977
[10372]	22188.000366
[13218]	22286.000977
[10408]	22398.000244
[11973]	22480.999146
[13243]	22612.999512
[11290]	22768.000488
[10638]	22994.000244
[10575]	23113.000244
[14814]	23282.999390
[10627]	23471.000977
[10732]	23836.000977
[13694]	24136.000000
[14108]	24360.000000
[13422]	24846.000000
[12073]	24955.000000
[16149]	25011.000244
[15356]	25088.999268
[11624]	25373.999023
[14681]	26086.999512
[10990]	26158.999023
[10394]	26311.000488
[13952]	26815.000488
[14696]	26912.999268
[10911]	27060.000000
[11140]	27186.000000
[14574]	27308.999512
[13269]	27811.000000
[11252]	27894.999023
[12051]	28496.000000
[10781]	28758.000488
[16042]	28771.000488
[11977]	29107.000122
[10279]	29277.000000
[15084]	29394.999023
[10154]	29539.999512
[11823]	29679.000854
[15595]	29799.999023
[15249]	29837.999268
[15455]	29960.000244
[13256]	30317.999634
[13367]	30343.999512
[14153]	30460.000977
[10581]	30617.000000
[14689]	30668.999634
[15380]	31225.001221
[12990]	31559.001221
[10135]	31668.000488
[10666]	31679.000977
[14457]	32263.999023
[14489]	32265.000000
[14918]	33315.000732
[14252]	34101.999268
[11637]	34348.999268
[13408]	34394.000977
[11721]	34902.999756
[11648]	35295.999023
[14986]	35400.000000
[10980]	35836.000977
[11868]	36618.000000
[11481]	36626.999512
[12896]	37233.998657
[10521]	38016.999023
[12323]	38596.000000
[14262]	38731.000000
[14082]	39594.000366
[13158]	39627.000977
[13264]	39634.998047
[14955]	39726.001465
[15058]	39821.999512
[10431]	40527.000732
[10244]	41000.000977
[11915]	41392.001465
[12523]	41432.000977
[10620]	42159.999512
[10752]	42201.000977
[12448]	42236.000977
[15624]	42250.998535
[11775]	42458.999756
[10877]	42524.000000
[11603]	42819.000000
[12991]	43188.000000
[13486]	43365.000000
[10357]	43477.000000
[14783]	44161.000488
[12217]	44869.000122
[12010]	46872.999756
[13560]	47167.000000
[11003]	47218.998535
[10868]	48695.999146
[12441]	48900.000000
[14717]	49415.000000
[13514]	49619.000977
[14210]	49763.999023
[10466]	49923.001099
[16215]	51222.000977
[12169]	51418.000000
[10415]	51469.998535
[12699]	51503.000977
[14312]	52580.000977
[13230]	53331.000366
[10158]	54186.001709
[10874]	54298.000488
[12391]	54569.999268
[12945]	54839.000610
[10517]	55340.000488
[12402]	56229.000000
[12693]	56544.000000
[11118]	57220.001953
[10785]	57241.000000
[15024]	57589.998047
[14012]	58073.999023
[10411]	58807.001953
[11630]	59184.001099
[11109]	59859.002686
[11444]	60256.001953
[10849]	61085.001465
[15919]	62105.000000
[15013]	64530.997070
[11625]	66758.001953
[15258]	66915.002930
[14193]	69250.001953
[12278]	69704.998535
[11638]	70049.998779
[14112]	70514.997803
[15092]	73024.998047
[12197]	73873.996948
[11995]	74432.003174
[14838]	76466.000977
[14677]	76907.998047
[15412]	77582.000977
[11369]	78823.999023
[12992]	81081.998535
[12986]	81371.001465
[11996]	82730.000000
[13485]	82756.002930
[11267]	87810.996582
[10711]	89106.000000
[13296]	90806.002319
[14832]	92967.999268
[15096]	93203.999023
[14685]	93267.998291
[12395]	95141.003906
[13165]	95412.002930
[14321]	95590.001953
[13518]	98615.001953
[10599]	102464.000244
[12651]	103550.000000
[14739]	104425.000977
[12966]	106592.000977
[11423]	107039.003906
[16321]	107247.000000
[14761]	107376.001099
[14576]	108602.997070
[13605]	109482.000000
[11986]	112950.997070
[11988]	113217.000000
[15370]	113371.998047
[15376]	114430.002930
[13180]	114477.000000
[11651]	116216.000000
[13577]	119376.996826
[11540]	120264.000244
[15306]	121110.996094
[14286]	122555.000000
[13156]	126572.000977
[12982]	127005.002930
[14730]	127460.995605
[10257]	128440.000000
[11435]	129941.000977
[12954]	131790.002441
[12016]	132015.999023
[12758]	133365.002441
[14293]	135453.995117
[14309]	136950.002930
[11874]	141041.000977
[12143]	141225.002930
[16257]	142973.998535
[10713]	146626.995850
[11884]	150485.003906
[13931]	152501.999268
[11455]	152504.003906
[13851]	156887.003174
[10994]	160328.000244
[14524]	161449.005859
[13244]	164371.994019
[14307]	164749.995361
[14066]	170150.000000
[14570]	173539.994385
[13891]	177576.996094
[13871]	180497.002197
[16217]	182730.000000
[10800]	187010.004150
[14635]	204258.000000
[14027]	206042.997070
[10140]	210940.998047
[10792]	220703.000000
[12451]	227084.000000
[12277]	228545.000000
[10292]	242612.000000
[10529]	264515.002197
[16229]	272715.007324
[13830]	277891.001953
[13342]	289833.000488
[11193]	291688.009766
[11066]	307330.009766
[10299]	310200.000977
[11760]	331140.996094
[13252]	335258.015625
[12339]	338441.008301
[11032]	339596.999023
[10920]	349535.009766
[14683]	357153.000000
[13744]	360212.993164
[14843]	361541.013672
[14122]	365902.006836
[11042]	378492.011719
[13495]	399532.003418
[14893]	449228.988281
[14908]	461829.000000
[13198]	473961.984375
[14492]	487239.990234
[14831]	492879.997070
[12191]	520029.008789
[10423]	530422.016602
[10693]	541825.997070
[13796]	554102.997070
[16271]	561954.988281
[15016]	595122.016113
[11259]	626511.015625
[15304]	684165.024414
[12972]	693562.992188
[12173]	863016.024414
[14057]	895839.005859
[14679]	942132.953125
[11278]	1001221.050781
[14869]	1009693.036133
[13232]	1030613.041992
[12264]	1076516.997070
[10821]	1119681.035156
[11697]	1141420.977539
[12953]	1307319.956055
[14100]	1385702.031250
[11433]	1516405.957031
[14107]	1634066.000000
[13204]	1642628.056641
[13487]	1695366.015625
[12266]	1756954.096680
[10721]	1761700.041992
[13303]	1796705.004883
[11618]	1878431.062500
[11057]	1902830.980469
[12889]	1932654.054688
[14747]	2269546.113281
[14771]	2505712.875000
[11292]	2624143.066406
[11298]	2755529.940430
[12478]	2973054.000000
[13930]	3580918.113281
[12892]	3729181.148438
[10397]	4279422.757813
