[10033]	0.000000
[10194]	0.000000
[10209]	0.000000
[10386]	0.000000
[10419]	0.000000
[10480]	0.000000
[10585]	0.000000
[10617]	0.000000
[10714]	0.000000
[10715]	0.000000
[10817]	0.000000
[10923]	0.000000
[10938]	0.000000
[10952]	0.000000
[10971]	0.000000
[11002]	0.000000
[11036]	0.000000
[11050]	0.000000
[11098]	0.000000
[11099]	0.000000
[11198]	0.000000
[11204]	0.000000
[11230]	0.000000
[11351]	0.000000
[11415]	0.000000
[11487]	0.000000
[11522]	0.000000
[11702]	0.000000
[11756]	0.000000
[11828]	0.000000
[12018]	0.000000
[12125]	0.000000
[12132]	0.000000
[12134]	0.000000
[12252]	0.000000
[12263]	0.000000
[12324]	0.000000
[12348]	0.000000
[12436]	0.000000
[12496]	0.000000
[12591]	0.000000
[12598]	0.000000
[12745]	0.000000
[12854]	0.000000
[12933]	0.000000
[12938]	0.000000
[12955]	0.000000
[12956]	0.000000
[12957]	0.000000
[13024]	0.000000
[13081]	0.000000
[13113]	0.000000
[13115]	0.000000
[13151]	0.000000
[13192]	0.000000
[13246]	0.000000
[13292]	0.000000
[13295]	0.000000
[13297]	0.000000
[13546]	0.000000
[13587]	0.000000
[13629]	0.000000
[13667]	0.000000
[13757]	0.000000
[13772]	0.000000
[13785]	0.000000
[13788]	0.000000
[13827]	0.000000
[13890]	0.000000
[13947]	0.000000
[13954]	0.000000
[14004]	0.000000
[14068]	0.000000
[14095]	0.000000
[14115]	0.000000
[14196]	0.000000
[14236]	0.000000
[14467]	0.000000
[14553]	0.000000
[14561]	0.000000
[14601]	0.000000
[14656]	0.000000
[14750]	0.000000
[14785]	0.000000
[14807]	0.000000
[14871]	0.000000
[14965]	0.000000
[14991]	0.000000
[15045]	0.000000
[15053]	0.000000
[15063]	0.000000
[15129]	0.000000
[15208]	0.000000
[15343]	0.000000
[15422]	0.000000
[15458]	0.000000
[15601]	0.000000
[15603]	0.000000
[15610]	0.000000
[15700]	0.000000
[15842]	0.000000
[15906]	0.000000
[15973]	0.000000
[16178]	0.000000
[16336]	0.000000
[16668]	0.000000
[16721]	0.000000
[16723]	0.000000
[10042]	1.000000
[10050]	1.000000
[10267]	1.000000
[10278]	1.000000
[10730]	1.000000
[10762]	1.000000
[10965]	1.000000
[11418]	1.000000
[11714]	1.000000
[11720]	1.000000
[11883]	1.000000
[11885]	1.000000
[11954]	1.000000
[12785]	1.000000
[13145]	1.000000
[13450]	1.000000
[13540]	1.000000
[13898]	1.000000
[14686]	1.000000
[16166]	1.000000
[16478]	1.000000
[16681]	1.000000
[16732]	1.000000
[10324]	2.000000
[10325]	2.000000
[10890]	2.000000
[11331]	2.000000
[11367]	2.000000
[11493]	2.000000
[11732]	2.000000
[11825]	2.000000
[12743]	2.000000
[12771]	2.000000
[12869]	2.000000
[13219]	2.000000
[13507]	2.000000
[13630]	2.000000
[14167]	2.000000
[14412]	2.000000
[14706]	2.000000
[14736]	2.000000
[14855]	2.000000
[15177]	2.000000
[15604]	2.000000
[15774]	2.000000
[15885]	2.000000
[16162]	2.000000
[16253]	2.000000
[16599]	2.000000
[15246]	2.000000
[11813]	3.000000
[12388]	3.000000
[13501]	3.000000
[13574]	3.000000
[13984]	3.000000
[14400]	3.000000
[14712]	3.000000
[14938]	3.000000
[14944]	3.000000
[15248]	3.000000
[15250]	3.000000
[16479]	3.000000
[16498]	3.000000
[16543]	3.000000
[16588]	3.000000
[10171]	3.000000
[10670]	4.000000
[11510]	4.000000
[11619]	4.000000
[12350]	4.000000
[12782]	4.000000
[13899]	4.000000
[14530]	4.000000
[14863]	4.000000
[16186]	4.000000
[16515]	4.000000
[13936]	4.000000
[14050]	5.000000
[14886]	5.000000
[10678]	5.000000
[10857]	5.000000
[11106]	5.000000
[11842]	5.000000
[12583]	5.000000
[12773]	5.000000
[13672]	5.000000
[13987]	5.000000
[14313]	5.000000
[14320]	5.000000
[14670]	5.000000
[15446]	5.000000
[16311]	5.000000
[16353]	5.000000
[10535]	6.000000
[11276]	6.000000
[11431]	6.000000
[11512]	6.000000
[13505]	6.000000
[13935]	6.000000
[14996]	6.000000
[15504]	6.000000
[16007]	6.000000
[16467]	6.000000
[11000]	7.000000
[12108]	7.000000
[13535]	7.000000
[13693]	7.000000
[15385]	7.000000
[15427]	7.000000
[15853]	7.000000
[11966]	8.000000
[12633]	8.000000
[13599]	8.000000
[14046]	8.000000
[14493]	8.000000
[15091]	8.000000
[15260]	8.000000
[15599]	8.000000
[15731]	8.000000
[15882]	8.000000
[16128]	8.000000
[10005]	9.000000
[14229]	9.000000
[15278]	9.000000
[15447]	9.000000
[15448]	9.000000
[16018]	9.000000
[16581]	9.000000
[10815]	10.000000
[11715]	10.000000
[12274]	10.000000
[13564]	10.000000
[14295]	10.000000
[14628]	10.000000
[15256]	10.000000
[15934]	10.000000
[12315]	11.000000
[13415]	11.000000
[14898]	11.000000
[15754]	11.000000
[16016]	11.000000
[16252]	11.000000
[11484]	11.000000
[15472]	12.000000
[14987]	13.000000
[11245]	13.000000
[12370]	13.000000
[13381]	13.000000
[13731]	13.000000
[14174]	13.000000
[11628]	13.000000
[11215]	14.000000
[12720]	14.000000
[13094]	14.000000
[13676]	14.000000
[15061]	14.000000
[15127]	14.000000
[16584]	14.000000
[12705]	15.000000
[15160]	15.000000
[10996]	16.000000
[14119]	16.000000
[15618]	16.000000
[10463]	17.000000
[11511]	17.000000
[12141]	17.000000
[12638]	17.000000
[10164]	18.000000
[14182]	18.000000
[14880]	18.000000
[11041]	19.000000
[14268]	19.000000
[16540]	19.000000
[11675]	20.000000
[13111]	20.000000
[13227]	20.000000
[14630]	20.000000
[11376]	21.000000
[12857]	21.000000
[16310]	21.000000
[11241]	22.000000
[11463]	22.000000
[12222]	23.000000
[11458]	24.000000
[13536]	24.000000
[14477]	24.999999
[11317]	25.000000
[15793]	25.000000
[10237]	26.000000
[12621]	26.000000
[12641]	26.000000
[12663]	26.000000
[11728]	26.000001
[12635]	26.000001
[11924]	27.000000
[15481]	27.000000
[11028]	30.000000
[12549]	30.000000
[15011]	30.000000
[15043]	30.000000
[16719]	30.000000
[11053]	31.000000
[12882]	32.000000
[13715]	32.000001
[12784]	33.000000
[14028]	34.000000
[14559]	34.000000
[15236]	34.000001
[12900]	35.000000
[15843]	35.000000
[16345]	35.000000
[11646]	36.000000
[14273]	36.000000
[12294]	38.000000
[11545]	40.000000
[13618]	40.000000
[12737]	41.000000
[10243]	42.000000
[12671]	42.999999
[12748]	46.000000
[12185]	47.000000
[14282]	47.000000
[15171]	47.000000
[11859]	48.000000
[11007]	49.000000
[13016]	49.000000
[12653]	49.999998
[12676]	50.000000
[16078]	52.999998
[12494]	55.000000
[14062]	61.000000
[11421]	62.000000
[10615]	64.000000
[15012]	64.000000
[15085]	64.000003
[14816]	65.000000
[13826]	67.000000
[10322]	70.000000
[12866]	73.000000
[15598]	73.000000
[11711]	76.000002
[10313]	78.000000
[12207]	80.000000
[13397]	85.000000
[14218]	85.000000
[15231]	86.000000
[13704]	87.000000
[14853]	87.000000
[15147]	87.000000
[15725]	87.000000
[13934]	88.000000
[14692]	88.000000
[12755]	88.999996
[14397]	88.999999
[11453]	89.000000
[12772]	89.000000
[10444]	90.000000
[15798]	91.000000
[12868]	92.000000
[14197]	95.000000
[10961]	96.000000
[12841]	96.000000
[12615]	99.000000
[11517]	100.000000
[12235]	100.000000
[12681]	104.000000
[14130]	105.000000
[15293]	111.000000
[16725]	112.000000
[13203]	113.000004
[10329]	114.000000
[15794]	116.000000
[11952]	116.999998
[16567]	119.000000
[13863]	120.000000
[15245]	121.000004
[10674]	122.000000
[10884]	123.000000
[12190]	125.000000
[10184]	126.999996
[11789]	127.000000
[12174]	129.000000
[13806]	129.000000
[10349]	131.000004
[15057]	134.000000
[15825]	134.000000
[11479]	136.000000
[11684]	136.000000
[11411]	139.000000
[10478]	143.000000
[12902]	145.000000
[11216]	146.000000
[13579]	146.000000
[15406]	147.000000
[10204]	148.000000
[10630]	148.000000
[11535]	148.000000
[14474]	151.999998
[11283]	153.000000
[12822]	155.000000
[15569]	159.000000
[15581]	159.000000
[13504]	160.000000
[10165]	161.000000
[13200]	162.000000
[10241]	162.000008
[11941]	163.999992
[13418]	165.000000
[13768]	165.000000
[14125]	165.999996
[15721]	167.000004
[14895]	168.000000
[15532]	170.000000
[13710]	170.000006
[14534]	173.000004
[16390]	174.000000
[12087]	174.000006
[14496]	175.000000
[14856]	175.999996
[10416]	176.000004
[13809]	179.000000
[15282]	180.000000
[10221]	181.000000
[12253]	181.000000
[12245]	185.000000
[14919]	186.000000
[12721]	186.999996
[12798]	191.000000
[11531]	191.000004
[13439]	193.000000
[13658]	194.000000
[15153]	202.000008
[14804]	203.999996
[15257]	205.000006
[13799]	206.000000
[13767]	208.000000
[10405]	211.000008
[12709]	211.999992
[15124]	215.000000
[12649]	222.000000
[10654]	223.000000
[14738]	223.000000
[12214]	223.000008
[12769]	224.999990
[12228]	225.000000
[13369]	227.999992
[10557]	231.000000
[14054]	231.000000
[10558]	231.000004
[14805]	232.999992
[10396]	235.000000
[11492]	235.999992
[11879]	236.000000
[12704]	236.000004
[15887]	236.000008
[10139]	238.000000
[12320]	246.000000
[11085]	248.000000
[15709]	248.999994
[14088]	249.000000
[14237]	251.000000
[10783]	252.000000
[11908]	252.000000
[11225]	259.000000
[11392]	261.000000
[10562]	262.000000
[16647]	264.000000
[12899]	265.000000
[11441]	266.000000
[13862]	268.000000
[12390]	268.999992
[12610]	269.000000
[13072]	269.000000
[11375]	271.000000
[12187]	272.000000
[12719]	273.000000
[12149]	276.000000
[13770]	276.000000
[12268]	281.999992
[11468]	282.000000
[10247]	282.999992
[14234]	282.999992
[11845]	283.000008
[15113]	286.000008
[10933]	289.000000
[12735]	289.000000
[10540]	291.999985
[13434]	292.000008
[10225]	294.000000
[13003]	295.000000
[10298]	295.999992
[15049]	296.000004
[12815]	297.000000
[13520]	305.000000
[10819]	307.000000
[11233]	307.999992
[13467]	307.999992
[10683]	310.000000
[12844]	310.000000
[13348]	313.000000
[12708]	315.999996
[11123]	318.000000
[12878]	319.000008
[10216]	320.000000
[12851]	324.999994
[14535]	326.000000
[14275]	326.999992
[12652]	328.999992
[14288]	331.000000
[14718]	332.000000
[15115]	335.000000
[15862]	335.000006
[13176]	336.000000
[12831]	340.000000
[15861]	340.000011
[14131]	340.999985
[13307]	347.000000
[13746]	351.000000
[12559]	353.000000
[10338]	354.000000
[11063]	355.000000
[13109]	359.000004
[10272]	361.000000
[10925]	361.000000
[11834]	365.000000
[16306]	368.000000
[13614]	372.000000
[13032]	373.000000
[13654]	373.000000
[12455]	376.000000
[11227]	378.000000
[10950]	379.999992
[14627]	379.999992
[11997]	384.000000
[10967]	390.000000
[12375]	392.000000
[13341]	395.000015
[11197]	396.000000
[13490]	397.000000
[15707]	400.000000
[12412]	406.000000
[10640]	407.999989
[14065]	411.000000
[13182]	415.000000
[14875]	415.000000
[13832]	419.000000
[14102]	422.000004
[15628]	423.000000
[14259]	425.000008
[13461]	425.999985
[15785]	427.999996
[15708]	429.000000
[14648]	429.000015
[13196]	431.000019
[12855]	433.000008
[12321]	435.000023
[15554]	435.999985
[11931]	436.000000
[14943]	438.000000
[10414]	442.000000
[11447]	443.000000
[16428]	446.000015
[15582]	448.000000
[11654]	453.000000
[15051]	455.000000
[14877]	463.000000
[12845]	467.000000
[13942]	468.000000
[14942]	470.000015
[14802]	481.000000
[15994]	486.000000
[12853]	489.000000
[12779]	515.000000
[15008]	516.000000
[10744]	518.000000
[12055]	518.000015
[14250]	522.000000
[13484]	528.000000
[13121]	528.999985
[15381]	539.000000
[12363]	546.000000
[13966]	550.000000
[14797]	551.000000
[15138]	552.000000
[12195]	554.000015
[10409]	561.000000
[11180]	561.000000
[11833]	570.999985
[14745]	572.000000
[11550]	574.000008
[12171]	576.000000
[12175]	576.000000
[11092]	585.999985
[11399]	589.999992
[12876]	607.000000
[15210]	608.000000
[13162]	614.000000
[11288]	617.000000
[14458]	621.000000
[13398]	626.999977
[10917]	628.000008
[13894]	633.999989
[15454]	636.000000
[15483]	643.000000
[14733]	649.000000
[13095]	668.000000
[10333]	669.000000
[12255]	675.000000
[11726]	676.999969
[13211]	688.000000
[10775]	689.000015
[10910]	691.000000
[14278]	704.000000
[15374]	714.000000
[11725]	717.999985
[10930]	718.000000
[13282]	722.000000
[11534]	731.000000
[13194]	732.000000
[12728]	734.000000
[14539]	748.000000
[11730]	754.000000
[11719]	756.000000
[15167]	772.000027
[10589]	777.000000
[10954]	780.000000
[11372]	785.000000
[11588]	786.000000
[11764]	800.999985
[16268]	823.000031
[15841]	825.000000
[15632]	827.000000
[11214]	831.000000
[12335]	837.000000
[13240]	843.000000
[13388]	845.000000
[14468]	859.000000
[13543]	859.000031
[14470]	865.000000
[16091]	879.999979
[12932]	898.000000
[11401]	899.000000
[13068]	909.000000
[15174]	916.000000
[10647]	920.999985
[14722]	929.000000
[14485]	938.000008
[15579]	952.000000
[14231]	964.999969
[12807]	973.999989
[11615]	981.000000
[14789]	1006.000000
[11762]	1035.000000
[15125]	1039.000000
[14186]	1054.000000
[12343]	1056.000000
[11844]	1057.000015
[12519]	1074.000000
[11548]	1075.000000
[12177]	1095.000000
[12920]	1095.000000
[14306]	1102.999969
[13692]	1145.000000
[10304]	1147.000027
[14451]	1164.000000
[15317]	1182.000000
[15237]	1185.000000
[10918]	1192.000000
[16304]	1193.000000
[15130]	1195.000000
[11160]	1200.000000
[10929]	1213.000000
[11525]	1225.000000
[14543]	1229.000000
[15478]	1235.999985
[10545]	1263.000000
[16233]	1267.000031
[15627]	1282.000000
[15584]	1299.000000
[15570]	1323.999939
[14819]	1336.000000
[11315]	1353.000000
[10621]	1353.999939
[12129]	1354.000000
[10482]	1363.000000
[15910]	1363.000000
[11345]	1365.000000
[12012]	1368.000000
[11519]	1378.000000
[10739]	1405.000000
[14109]	1438.000000
[10717]	1458.000000
[16476]	1459.000000
[14582]	1506.000000
[11587]	1513.999939
[11907]	1528.000000
[13344]	1528.000000
[13829]	1535.000000
[13983]	1552.000000
[10448]	1555.000000
[11563]	1564.999924
[12969]	1571.000000
[11301]	1582.000000
[14256]	1605.000000
[10361]	1607.000000
[14583]	1616.000000
[15897]	1618.000000
[13289]	1636.999969
[12888]	1658.000031
[12115]	1690.000000
[14022]	1700.000000
[12119]	1740.999939
[12164]	1781.000061
[10141]	1800.000000
[14637]	1814.000061
[11013]	1817.000000
[11905]	1829.000000
[15643]	1848.000000
[15991]	1851.999969
[11471]	1875.000000
[14006]	1876.000000
[10970]	1890.999939
[14945]	1892.000000
[12365]	1935.999939
[14120]	1956.999939
[10559]	1956.999969
[11671]	1968.000000
[10631]	1972.000000
[14520]	1998.000000
[13964]	2010.000000
[14992]	2027.000000
[13900]	2030.000000
[13048]	2052.000000
[11027]	2079.000000
[11336]	2080.000000
[11332]	2102.000061
[10926]	2121.000000
[15868]	2138.000000
[15074]	2148.000000
[12492]	2153.000000
[10779]	2163.000000
[11172]	2179.000000
[10280]	2191.000000
[11082]	2199.000000
[10728]	2234.000000
[11076]	2246.000061
[14150]	2258.000031
[13628]	2272.000000
[13241]	2289.000000
[11126]	2322.000000
[11867]	2327.000000
[15215]	2340.000000
[16097]	2367.000000
[11445]	2374.000000
[10613]	2381.000000
[12511]	2386.000000
[11865]	2413.000000
[10878]	2415.000000
[14168]	2416.000000
[13105]	2483.999939
[15855]	2558.000000
[10268]	2585.999908
[11170]	2652.999939
[12244]	2677.000000
[13166]	2699.000000
[15389]	2711.000061
[13594]	2748.000000
[12553]	2789.000000
[13002]	2816.000061
[10146]	2829.999939
[15401]	2838.000000
[12184]	2911.000031
[10205]	2913.000000
[13169]	2944.000000
[12094]	2968.000000
[10245]	2968.999939
[10731]	2971.000000
[12180]	2977.000000
[14960]	3002.000000
[11075]	3042.000000
[12250]	3045.999969
[15626]	3068.999939
[12124]	3092.000000
[15607]	3157.000000
[13306]	3287.000000
[13034]	3321.000000
[11274]	3334.000122
[14113]	3366.000000
[11699]	3376.000000
[11150]	3394.999878
[11187]	3433.000000
[16115]	3450.000000
[10011]	3510.000000
[16242]	3529.000000
[10542]	3538.000000
[14709]	3559.000122
[14081]	3586.000061
[10568]	3591.000000
[15497]	3592.000122
[10754]	3745.000000
[12007]	3750.000000
[15048]	3754.999878
[14905]	3757.999817
[14092]	3878.000000
[13459]	3895.999878
[14487]	3905.000000
[14588]	3911.000000
[14051]	3941.000000
[10758]	3943.000000
[13933]	3966.000000
[10486]	4017.000000
[11308]	4039.000000
[16133]	4057.000122
[10275]	4076.000000
[16293]	4161.000000
[14222]	4168.000000
[14849]	4171.999878
[11097]	4265.000000
[11950]	4380.000000
[15741]	4614.999939
[11980]	4705.000000
[12891]	4735.000000
[14879]	4750.999878
[13532]	4753.000000
[12849]	4772.000000
[14303]	4772.000000
[11503]	4777.000000
[15411]	4852.000000
[11470]	4874.000000
[13043]	4878.000000
[13625]	4999.999878
[14704]	5042.000000
[16101]	5092.000122
[13873]	5161.999985
[12915]	5180.000000
[14299]	5181.000000
[11731]	5204.000000
[13604]	5216.000000
[10155]	5251.000000
[11244]	5253.000000
[10150]	5335.999878
[13290]	5355.000000
[14828]	5394.000122
[12066]	5409.000000
[12389]	5413.000000
[14842]	5434.000244
[10210]	5437.000122
[13970]	5534.999847
[16218]	5549.000000
[10577]	5586.000000
[11695]	5693.000000
[14924]	5734.000122
[15022]	5823.000000
[11070]	5986.000000
[13127]	6003.000000
[14025]	6077.000000
[13139]	6082.999878
[10676]	6165.999756
[15041]	6176.000244
[11111]	6188.999878
[13541]	6196.999939
[10157]	6219.000000
[15018]	6256.000061
[11555]	6380.999756
[13347]	6473.000061
[10658]	6477.000000
[13602]	6515.000000
[14254]	6574.000000
[12627]	6608.000000
[12265]	6637.999878
[14314]	6757.999878
[10312]	6921.000000
[13076]	7044.000000
[14239]	7056.000000
[14794]	7081.000000
[11049]	7101.000000
[14952]	7120.000000
[11793]	7187.000244
[10170]	7208.000122
[14674]	7233.000000
[11122]	7275.999756
[14512]	7340.000153
[11778]	7353.000000
[10136]	7367.000000
[15295]	7460.999908
[12917]	7487.999954
[11067]	7523.000244
[14207]	7539.000000
[11577]	7599.000000
[13502]	7635.999756
[11052]	7640.000000
[12544]	7701.000000
[10162]	7745.000000
[12223]	7761.000000
[15192]	7990.000000
[12397]	8052.000366
[13061]	8054.000244
[14716]	8057.000122
[10747]	8230.000305
[10661]	8250.999634
[16477]	8256.000000
[16163]	8263.000000
[10561]	8482.999878
[10287]	8550.000000
[14645]	8585.000244
[12156]	8702.000122
[11617]	8993.000000
[11898]	8999.000427
[13377]	9015.999756
[11869]	9093.000000
[12472]	9117.999756
[13370]	9137.000122
[10872]	9280.000000
[10590]	9301.999741
[10185]	9321.000183
[10608]	9322.000000
[12898]	9517.000122
[14633]	9694.000244
[11185]	9876.000000
[15513]	10171.000000
[14228]	10271.000000
[11203]	10409.000000
[11537]	10552.000122
[11164]	10725.000000
[11337]	10746.999756
[12819]	10912.000000
[13184]	10925.000244
[11888]	10926.000000
[13943]	11496.000000
[11982]	11502.000000
[12026]	12002.000244
[13433]	12021.999512
[15027]	12232.000000
[12280]	12275.000000
[14711]	12337.000000
[16263]	12587.000000
[10551]	12728.000031
[15070]	12758.999634
[12101]	12778.000488
[10716]	12796.000000
[13795]	13066.999512
[15567]	13548.000000
[10469]	13618.000488
[12003]	13680.000610
[16085]	14056.000488
[14698]	14065.000366
[15023]	14358.000000
[13029]	14473.000488
[10846]	14509.999512
[14153]	14512.999878
[15084]	14865.000000
[10372]	14894.000488
[10154]	14936.999634
[11928]	15290.000000
[16232]	15518.000244
[12884]	15530.000610
[12990]	15760.999756
[13277]	15787.999512
[10685]	15835.999878
[14098]	16639.999512
[13218]	16714.000244
[13476]	16819.000244
[11953]	16960.000000
[13360]	17144.000244
[10434]	17521.999512
[10732]	17662.000122
[11612]	17878.999756
[12206]	17975.000000
[11413]	18091.999512
[15323]	18095.000000
[12951]	18170.999634
[11488]	18233.000488
[11641]	18585.000000
[11146]	18716.000977
[11868]	19009.000244
[12520]	19021.000488
[15718]	19156.000000
[10575]	19538.000000
[15566]	19572.000000
[14681]	19974.000610
[15380]	20281.999512
[13269]	20379.000244
[11921]	20459.000244
[11290]	20554.000000
[10638]	20620.000000
[13694]	20867.999756
[12051]	21100.999512
[10394]	21118.000244
[15402]	21277.999512
[10627]	21315.000000
[14824]	21595.000000
[10408]	21598.999512
[14918]	21776.000244
[13952]	21783.000000
[11624]	22204.999878
[10208]	22290.000732
[15356]	22318.999268
[14814]	22898.000610
[10696]	23206.000488
[12073]	23848.999023
[13243]	23947.000488
[14108]	24307.999878
[11648]	24575.000977
[15455]	24966.000000
[16149]	25090.000977
[13422]	25186.000000
[11252]	25835.000000
[10990]	25883.999756
[13256]	26007.999023
[11973]	26351.000580
[12523]	26604.000610
[10581]	26631.999512
[11140]	26663.000977
[11915]	26916.000977
[11977]	26998.000732
[10666]	27271.000732
[10135]	27345.999023
[10279]	27351.000000
[11823]	27453.999023
[14489]	27456.000000
[14574]	27623.999634
[10521]	27885.000000
[14252]	28011.999023
[14696]	28050.999023
[15249]	28761.998535
[13367]	28767.000732
[15595]	28811.000977
[14457]	29190.000000
[13408]	29978.000000
[11637]	30068.999512
[14689]	30317.000000
[16042]	30958.000488
[14082]	32356.000488
[10781]	32404.001465
[11721]	32768.000610
[10911]	32828.999023
[14955]	33591.000000
[10357]	33666.000977
[13486]	34320.000000
[14986]	34471.999512
[14312]	34799.000000
[10620]	34860.000000
[12323]	35434.998779
[11481]	35763.999023
[15058]	35795.000000
[13264]	36260.000000
[12441]	36759.999023
[13158]	36850.000000
[15024]	37057.001465
[12010]	37159.000000
[10980]	37958.001709
[12896]	37959.998291
[15013]	38397.999023
[14210]	38565.000000
[10877]	38600.000000
[10431]	38920.001221
[15624]	39173.999756
[11775]	39672.999023
[10158]	39854.000366
[14012]	40286.001465
[10752]	40739.000977
[12991]	40760.000977
[12448]	40910.001953
[12693]	40978.000000
[14783]	41454.000000
[11630]	41769.999756
[10466]	42222.000000
[10415]	43158.000977
[16215]	43660.001465
[12391]	44177.999023
[11603]	44213.999023
[10411]	44735.998535
[13560]	44873.000977
[10244]	44919.000000
[11003]	45249.999023
[13514]	45388.000000
[12217]	45609.999512
[14717]	46124.999512
[12699]	46443.000488
[14262]	46546.999023
[11118]	46930.001465
[10849]	48248.000488
[10868]	48555.999756
[12402]	49642.001953
[10517]	50415.999756
[13230]	51472.001953
[12169]	51727.000000
[10874]	51912.000000
[12945]	51946.997070
[10785]	52249.001953
[11444]	53755.000488
[14838]	54878.000000
[13605]	55585.001953
[11109]	58209.002686
[15919]	58554.000000
[14677]	59122.999512
[11638]	60146.999268
[14112]	60159.997192
[15258]	62611.001953
[12197]	62902.000000
[14832]	63822.999268
[14193]	66016.001953
[12278]	66472.998047
[11625]	67249.000000
[12986]	71102.001953
[14293]	71136.998047
[14739]	71137.001953
[11995]	73485.998291
[11369]	75005.000000
[13180]	75476.003906
[15412]	76614.999023
[15092]	78441.001953
[12992]	79145.998535
[10711]	79492.000000
[13485]	80324.000244
[15096]	83664.996338
[13296]	84430.998657
[14761]	86271.997803
[11267]	86899.001465
[11996]	86952.999023
[12651]	87367.000000
[13165]	87645.000000
[14321]	90113.000000
[12966]	90729.003906
[16321]	91563.999023
[12395]	91635.996094
[13577]	94588.997437
[14576]	95796.000000
[14685]	97143.001465
[11423]	100039.005371
[15306]	100976.001953
[12982]	106333.003906
[11986]	107463.999023
[10599]	108415.996094
[11988]	109293.005859
[13518]	109722.997070
[14286]	109865.003906
[15370]	112343.003906
[12758]	112972.001953
[10257]	113383.003418
[11540]	114091.996338
[14309]	114624.003418
[11455]	114663.996094
[12016]	115779.000000
[15376]	118465.000000
[13156]	119028.999023
[12954]	119289.996094
[16257]	120515.003906
[11651]	121190.000000
[12143]	124413.001953
[11435]	126083.994141
[11874]	129046.006836
[11884]	129493.003418
[14066]	130083.002930
[10713]	134974.995117
[13931]	135500.996338
[14730]	135822.006836
[14307]	148135.003418
[14524]	150432.000000
[14570]	152187.999023
[13851]	155063.001953
[16217]	157035.996094
[10994]	157657.998779
[13244]	172783.991821
[13891]	177779.000000
[13871]	178778.000000
[10800]	180182.994385
[14027]	183282.993164
[12277]	191750.996094
[14635]	194858.997803
[10299]	197399.002075
[10792]	199785.998535
[10140]	208739.998535
[12451]	217159.006836
[11032]	217880.001953
[16229]	225609.005859
[10292]	231012.999023
[10529]	233677.998779
[13830]	244429.007813
[14843]	246784.999023
[13342]	262579.006348
[13252]	269537.988281
[11193]	270855.990234
[11066]	299764.010742
[10920]	311002.998047
[11760]	314350.002930
[14683]	328827.003174
[12339]	333285.996094
[14122]	339798.000488
[13744]	339954.000977
[11042]	343025.000000
[14893]	413920.014648
[14908]	431698.995605
[14492]	441435.010254
[13495]	441552.016113
[13198]	453278.003906
[14831]	453914.995117
[12191]	490999.993164
[13796]	498807.997559
[16271]	501493.987793
[10423]	503504.021973
[10693]	555181.992188
[15016]	574308.013184
[15304]	618852.007813
[11259]	643700.019531
[12972]	677490.023438
[12173]	766046.988281
[14057]	789677.010254
[14679]	861262.021484
[14869]	920219.024414
[12264]	935041.992188
[11697]	950335.982422
[11278]	959316.972656
[13232]	963360.046875
[10821]	1007438.959961
[14100]	1210767.983398
[12953]	1221596.999023
[11433]	1395947.959961
[13204]	1424899.025391
[13303]	1465415.011719
[13487]	1507946.994141
[12266]	1519262.985352
[10721]	1535574.938477
[14107]	1538208.984375
[11618]	1664082.941406
[11057]	1685012.988281
[14747]	1880394.960938
[12889]	1952940.058594
[14771]	2217669.994141
[11292]	2475796.992188
[12478]	2498786.031250
[11298]	2597744.923828
[12892]	3230576.089844
[13930]	3303318.046875
[10397]	4129341.003906
