[10033]	0.000000
[10085]	0.000000
[10122]	0.000000
[10144]	0.000000
[10164]	0.000000
[10175]	0.000000
[10209]	0.000000
[10261]	0.000000
[10386]	0.000000
[10435]	0.000000
[10480]	0.000000
[10531]	0.000000
[10536]	0.000000
[10555]	0.000000
[10562]	0.000000
[10617]	0.000000
[10710]	0.000000
[10817]	0.000000
[10838]	0.000000
[10897]	0.000000
[10923]	0.000000
[10952]	0.000000
[10965]	0.000000
[10971]	0.000000
[10992]	0.000000
[11004]	0.000000
[11024]	0.000000
[11031]	0.000000
[11050]	0.000000
[11086]	0.000000
[11099]	0.000000
[11138]	0.000000
[11198]	0.000000
[11204]	0.000000
[11230]	0.000000
[11282]	0.000000
[11344]	0.000000
[11375]	0.000000
[11396]	0.000000
[11410]	0.000000
[11417]	0.000000
[11430]	0.000000
[11459]	0.000000
[11473]	0.000000
[11487]	0.000000
[11522]	0.000000
[11526]	0.000000
[11538]	0.000000
[11548]	0.000000
[11871]	0.000000
[11893]	0.000000
[11938]	0.000000
[11971]	0.000000
[12018]	0.000000
[12132]	0.000000
[12134]	0.000000
[12147]	0.000000
[12149]	0.000000
[12211]	0.000000
[12247]	0.000000
[12263]	0.000000
[12324]	0.000000
[12436]	0.000000
[12509]	0.000000
[12598]	0.000000
[12625]	0.000000
[12933]	0.000000
[12934]	0.000000
[12938]	0.000000
[12956]	0.000000
[12957]	0.000000
[13010]	0.000000
[13081]	0.000000
[13113]	0.000000
[13115]	0.000000
[13177]	0.000000
[13226]	0.000000
[13246]	0.000000
[13255]	0.000000
[13297]	0.000000
[13299]	0.000000
[13307]	0.000000
[13331]	0.000000
[13399]	0.000000
[13463]	0.000000
[13464]	0.000000
[13540]	0.000000
[13629]	0.000000
[13667]	0.000000
[13680]	0.000000
[13700]	0.000000
[13726]	0.000000
[13757]	0.000000
[13788]	0.000000
[13792]	0.000000
[13827]	0.000000
[13854]	0.000000
[13856]	0.000000
[13890]	0.000000
[13947]	0.000000
[13954]	0.000000
[13998]	0.000000
[14004]	0.000000
[14013]	0.000000
[14115]	0.000000
[14190]	0.000000
[14196]	0.000000
[14236]	0.000000
[14380]	0.000000
[14408]	0.000000
[14424]	0.000000
[14431]	0.000000
[14435]	0.000000
[14467]	0.000000
[14537]	0.000000
[14601]	0.000000
[14646]	0.000000
[14706]	0.000000
[14750]	0.000000
[14753]	0.000000
[14807]	0.000000
[14853]	0.000000
[14886]	0.000000
[14927]	0.000000
[14965]	0.000000
[14972]	0.000000
[14991]	0.000000
[15045]	0.000000
[15053]	0.000000
[15060]	0.000000
[15063]	0.000000
[15090]	0.000000
[15129]	0.000000
[15154]	0.000000
[15163]	0.000000
[15220]	0.000000
[15221]	0.000000
[15256]	0.000000
[15276]	0.000000
[15344]	0.000000
[15363]	0.000000
[15372]	0.000000
[15399]	0.000000
[15422]	0.000000
[15458]	0.000000
[15498]	0.000000
[15530]	0.000000
[15561]	0.000000
[15601]	0.000000
[15603]	0.000000
[15649]	0.000000
[15774]	0.000000
[15842]	0.000000
[15906]	0.000000
[15946]	0.000000
[15950]	0.000000
[15973]	0.000000
[15978]	0.000000
[16172]	0.000000
[16175]	0.000000
[16560]	0.000000
[16668]	0.000000
[11456]	0.500000
[10427]	0.707107
[16310]	0.707107
[14656]	0.894427
[10042]	1.000000
[10224]	1.000000
[10374]	1.000000
[10478]	1.000000
[10762]	1.000000
[10778]	1.000000
[10927]	1.000000
[10938]	1.000000
[11636]	1.000000
[11714]	1.000000
[11720]	1.000000
[11883]	1.000000
[11966]	1.000000
[12068]	1.000000
[13008]	1.000000
[13051]	1.000000
[13505]	1.000000
[13574]	1.000000
[13812]	1.000000
[14332]	1.000000
[14631]	1.000000
[14639]	1.000000
[14713]	1.000000
[14812]	1.000000
[14938]	1.000000
[15440]	1.000000
[15462]	1.000000
[16174]	1.000000
[16634]	1.000000
[16710]	1.000000
[16754]	1.000000
[16760]	1.000000
[13809]	1.154701
[13546]	1.414214
[10535]	1.632993
[15343]	1.632993
[11299]	2.000000
[11656]	2.000000
[12155]	2.000000
[13604]	2.000000
[13968]	2.000000
[15054]	2.000000
[16525]	2.000000
[10016]	2.828427
[10031]	2.828427
[10556]	2.828427
[10591]	2.828427
[10942]	2.828427
[11280]	2.828427
[11728]	2.828427
[11773]	2.828427
[12222]	2.828427
[12591]	2.828427
[12785]	2.828427
[13016]	2.828427
[13046]	2.828427
[13828]	2.828427
[13888]	2.828427
[14255]	2.828427
[14587]	2.828427
[14695]	2.828427
[14749]	2.828427
[14785]	2.828427
[15408]	2.828427
[15457]	2.828427
[15885]	2.828427
[16326]	2.828427
[16526]	2.828427
[16575]	2.828427
[16761]	2.828427
[10697]	3.674235
[11215]	3.674235
[11415]	3.674235
[10009]	5.196152
[10460]	5.196152
[11675]	5.196152
[12136]	5.196152
[12782]	5.196152
[12983]	5.196152
[13055]	5.196152
[13599]	5.196152
[14003]	5.196152
[14091]	5.196152
[15382]	5.196152
[15656]	5.196152
[15825]	5.196152
[15879]	5.196152
[16050]	5.196152
[16208]	5.196152
[16454]	5.196152
[16599]	5.196152
[16762]	5.196152
[11496]	5.656854
[11559]	5.656854
[13003]	5.656854
[13125]	5.656854
[14691]	5.656854
[14781]	5.656854
[10746]	6.454972
[13693]	6.454972
[15081]	6.454972
[10630]	6.572671
[10310]	7.905694
[10857]	7.905694
[14721]	7.905694
[11531]	8.000000
[11947]	8.000000
[12252]	8.000000
[12789]	8.000000
[15235]	8.000000
[15615]	8.000000
[14871]	8.485281
[10171]	9.534626
[11732]	10.392305
[12369]	10.392305
[13655]	10.392305
[16083]	10.392305
[10198]	10.692676
[10569]	11.180340
[11394]	11.180340
[12846]	11.180340
[12863]	11.180340
[13047]	11.180340
[13322]	11.180340
[14101]	11.180340
[15183]	11.180340
[15477]	11.180340
[11627]	13.095801
[12854]	13.095801
[16253]	13.095801
[11643]	13.500000
[13672]	13.500000
[15260]	13.500000
[10504]	14.696938
[10511]	14.696938
[10790]	14.696938
[11000]	14.696938
[11064]	14.696938
[11218]	14.696938
[11434]	14.696938
[11497]	14.696938
[12287]	14.696938
[13660]	14.696938
[14110]	14.696938
[14686]	14.696938
[14996]	14.696938
[15232]	14.696938
[15383]	14.696938
[15447]	14.696938
[16426]	14.696938
[16646]	14.696938
[16758]	14.696938
[10730]	15.588457
[13501]	15.588457
[14046]	15.588457
[14493]	15.588457
[11135]	16.000000
[11165]	16.000000
[12773]	16.000000
[11367]	18.520259
[11700]	18.520259
[12869]	18.520259
[13359]	18.520259
[14655]	18.520259
[14764]	18.520259
[15043]	18.520259
[15250]	18.520259
[16588]	18.520259
[16166]	18.590321
[10181]	19.091883
[11098]	19.091883
[11961]	19.091883
[14751]	19.091883
[14792]	20.784610
[12314]	22.360680
[12388]	22.360680
[12832]	22.360680
[10205]	22.627417
[11036]	22.627417
[11392]	22.627417
[13536]	22.627417
[13865]	22.627417
[15548]	22.627417
[16519]	22.627417
[11564]	24.000000
[14577]	24.000000
[13731]	25.797287
[14987]	26.191602
[10325]	26.492587
[12320]	26.492587
[13261]	27.000000
[13564]	27.000000
[14855]	27.000000
[14736]	27.061659
[16128]	29.015669
[11646]	29.047375
[12587]	30.243455
[10166]	31.622777
[12595]	31.622777
[14167]	31.622777
[15091]	31.622777
[15446]	31.622777
[15856]	31.622777
[16345]	31.622777
[11015]	33.143627
[15448]	33.143627
[16542]	33.143627
[14182]	33.541020
[11628]	33.806171
[11545]	36.482873
[11945]	36.482873
[15793]	36.482873
[10815]	36.514836
[14898]	36.514836
[11431]	36.950419
[11592]	36.950419
[13472]	36.950419
[10678]	37.040518
[14250]	37.040518
[15385]	37.040518
[11041]	39.001830
[13507]	40.468093
[15020]	40.468093
[14672]	41.409540
[11418]	41.569219
[12705]	41.569219
[13984]	44.090815
[10278]	45.254834
[14477]	45.254834
[11924]	47.815620
[13936]	49.329503
[13987]	49.387359
[14320]	51.594573
[10945]	52.383203
[11295]	52.383203
[16443]	52.383203
[12987]	52.581369
[13714]	58.094750
[14229]	63.245553
[14268]	63.684114
[15853]	63.684114
[11241]	64.000000
[12857]	64.000000
[15754]	64.000000
[15934]	64.000000
[15030]	67.023317
[12638]	69.841252
[15278]	70.092796
[11790]	73.484692
[11493]	76.367532
[14270]	77.996795
[10298]	80.954310
[12720]	81.000000
[10519]	81.640325
[11245]	82.819080
[12633]	83.138439
[10419]	85.541409
[15504]	89.442719
[12127]	90.164669
[14553]	92.817698
[12141]	93.744333
[16540]	93.744333
[11716]	103.189147
[14630]	103.189147
[15604]	106.574586
[10400]	110.304125
[10005]	110.428710
[11619]	110.428710
[14197]	117.575508
[11827]	121.777461
[10300]	122.047122
[13381]	122.047122
[11376]	124.228620
[10056]	126.049720
[10327]	128.768688
[14530]	128.986433
[11582]	140.185591
[11194]	140.296115
[14863]	146.415505
[16254]	148.162073
[13295]	150.769834
[11512]	164.316767
[12294]	171.288820
[16016]	182.106425
[12635]	182.414363
[14397]	182.806220
[12900]	191.933691
[13415]	210.278387
[13111]	220.608250
[12315]	225.062214
[13292]	234.247732
[14119]	235.495943
[15160]	242.537626
[11484]	262.528094
[12574]	276.704152
[13195]	280.592231
[12641]	296.196137
[15481]	301.869177
[13715]	308.075327
[13676]	319.928388
[13424]	320.452024
[10996]	322.711709
[16179]	343.000000
[10172]	353.586623
[16719]	364.500000
[14712]	366.443637
[12055]	368.938888
[15236]	381.837662
[15246]	386.479697
[13094]	401.645867
[11317]	432.000000
[14282]	434.042337
[13704]	441.714840
[12653]	460.454832
[12621]	468.509338
[14062]	470.302031
[11511]	477.772435
[11789]	481.170448
[11834]	494.983421
[14897]	536.186535
[12784]	556.906186
[14880]	558.730016
[14816]	561.317147
[13087]	568.711702
[10819]	595.241324
[14273]	595.241324
[10313]	606.258917
[10237]	610.940259
[15231]	630.083558
[11053]	634.175449
[12866]	654.742316
[15325]	669.031486
[12370]	675.672258
[11517]	688.877348
[11028]	694.365088
[12663]	702.167359
[10900]	783.661279
[11495]	788.940586
[12737]	805.207070
[14993]	811.481978
[12494]	816.573328
[12193]	825.513174
[13898]	891.576496
[13682]	894.877925
[15618]	899.567031
[13525]	940.604061
[13072]	966.647299
[15012]	1000.093996
[16156]	1015.037438
[14239]	1060.596059
[14475]	1137.993409
[11453]	1167.451926
[10216]	1170.298636
[16178]	1198.271391
[10329]	1203.968230
[12815]	1245.988673
[14510]	1265.548498
[15061]	1273.144140
[15798]	1284.143674
[15532]	1298.136742
[15293]	1303.047468
[12868]	1309.797705
[12125]	1350.373282
[13850]	1397.542486
[12676]	1465.974865
[13618]	1478.328110
[12671]	1521.594558
[11954]	1551.162145
[12190]	1551.162145
[11253]	1568.558255
[10194]	1592.783893
[13535]	1622.963955
[13619]	1642.700597
[15502]	1710.031286
[13785]	1721.362251
[12748]	1746.031214
[14130]	1791.381276
[12882]	1807.424046
[12348]	1859.205828
[13689]	1866.530337
[16428]	1883.967543
[10243]	1895.924181
[12087]	1914.570756
[13853]	1967.204362
[13418]	1995.322530
[14559]	2004.913714
[15171]	2079.893929
[14218]	2105.913460
[11399]	2218.276358
[12947]	2267.753514
[12755]	2296.769184
[12347]	2323.129463
[10615]	2330.109386
[15085]	2354.736397
[10982]	2393.851168
[11108]	2450.407007
[15052]	2455.314237
[13826]	2495.897434
[11952]	2512.150359
[10683]	2595.240576
[12253]	2598.320419
[13461]	2603.187046
[12652]	2603.237847
[11007]	2612.653728
[11421]	2689.537274
[15709]	2760.888122
[13806]	2833.016826
[11684]	2880.803704
[16390]	2970.050170
[14561]	2985.012393
[14488]	2999.818661
[11859]	3033.129077
[15725]	3105.610254
[11463]	3307.725503
[11411]	3408.806188
[11764]	3428.066472
[13592]	3465.398823
[11479]	3546.389502
[10961]	3602.481783
[15018]	3642.573512
[15167]	3649.610703
[12235]	3712.707907
[14535]	3803.580090
[14050]	3822.297832
[15153]	3861.334410
[12615]	4045.581909
[12681]	4096.000000
[11941]	4096.035881
[13710]	4440.015493
[12824]	4461.223039
[15282]	4717.467532
[14474]	4905.526036
[10783]	4932.950436
[13196]	5048.169197
[14627]	5055.417139
[15245]	5156.042522
[10204]	5159.855231
[10184]	5224.980771
[16091]	5258.670241
[10241]	5349.684092
[13579]	5352.251891
[10405]	5386.255544
[15794]	5429.236355
[10884]	5446.053617
[14533]	5530.053526
[12709]	5562.224740
[15057]	5614.480920
[14895]	5788.519629
[14125]	5825.086627
[14804]	5861.531409
[10139]	5870.076658
[12902]	5956.422752
[13934]	5974.170064
[10349]	5995.837066
[12886]	6042.955899
[12772]	6166.688354
[12704]	6448.603720
[15257]	6632.267863
[10654]	6786.383591
[12719]	6787.449438
[12855]	6929.344582
[12841]	6984.124856
[13341]	7132.029968
[11283]	7204.963567
[10396]	7205.619429
[15406]	7251.001586
[14856]	7418.604922
[13369]	7500.937060
[11535]	7683.878512
[12214]	7687.076322
[12878]	7780.129468
[12721]	7850.469731
[11216]	7880.300502
[13467]	7887.619872
[13767]	8046.014837
[12822]	8072.882349
[13770]	8132.073302
[13203]	8150.467778
[15721]	8424.560613
[13768]	8440.355803
[12798]	8701.133173
[12321]	8847.570034
[13658]	8916.669782
[15581]	8944.460632
[12831]	8981.913963
[10933]	9042.757580
[11719]	9046.195968
[11492]	9151.091707
[10221]	9445.992457
[12684]	9545.941546
[12559]	9775.044143
[15124]	9950.981006
[15887]	9966.885529
[10775]	9985.003979
[10416]	10069.416614
[15741]	10195.651308
[14919]	10386.078898
[10165]	10627.006375
[12268]	10921.825499
[13863]	10991.923099
[12610]	11059.466032
[15569]	11061.370010
[16567]	11223.978305
[12844]	11286.101000
[13434]	11381.289760
[14805]	11402.746941
[11879]	11637.010419
[11225]	11755.356779
[14234]	11772.166496
[11441]	12001.127947
[12769]	12129.818476
[11123]	12186.347820
[10247]	12195.527636
[14718]	12627.751407
[15862]	12857.995778
[10225]	13361.656346
[14275]	13613.220253
[11227]	13918.555517
[15861]	14018.335371
[12851]	14018.496981
[11233]	14226.362571
[11997]	14231.953352
[12708]	14239.436993
[13942]	14437.244499
[11726]	14486.403698
[13504]	14550.214294
[11615]	14698.319904
[15049]	14986.231585
[13894]	15084.943802
[12207]	15137.932669
[10338]	15151.980465
[13628]	15251.504024
[11845]	15320.536806
[15872]	16077.153137
[13200]	16495.386992
[12195]	16594.672650
[12649]	16772.086185
[11910]	16878.694025
[11711]	16939.131710
[10322]	17368.810048
[14288]	17739.937317
[10557]	17848.171838
[13121]	17869.309804
[13032]	18365.951003
[12174]	18480.587085
[10640]	18739.818569
[10540]	18805.432719
[12245]	19118.730999
[12779]	19247.822330
[14088]	19419.630853
[15554]	19443.640119
[15177]	19467.627117
[14102]	19796.179530
[11214]	20434.665468
[13398]	20519.567864
[15785]	22100.544162
[14131]	22169.102012
[10568]	22193.184483
[11908]	22226.649950
[14802]	22357.370114
[11550]	22596.191264
[14875]	23105.648660
[12899]	23265.914815
[14738]	23376.299839
[15497]	23625.000000
[11085]	23784.092247
[12853]	24824.726514
[11588]	26107.459533
[10558]	26446.971703
[13862]	26468.548874
[11833]	26791.579662
[14306]	27360.500580
[10414]	27648.000000
[13282]	27893.260835
[16647]	27950.491248
[14942]	28439.520210
[12171]	28960.483076
[14030]	29419.775271
[10559]	29761.933872
[14054]	29893.807423
[13182]	30397.539769
[10674]	31055.277684
[14065]	31149.622791
[13109]	31235.883412
[12066]	32305.858230
[10589]	32573.047698
[13348]	33684.217476
[14539]	33911.414008
[11762]	34045.390657
[14797]	35061.629668
[15598]	35152.000000
[13490]	35817.079787
[10917]	36893.918220
[13654]	36931.531636
[16097]	38204.480391
[16078]	38501.565793
[10444]	40338.963103
[11063]	40482.815354
[12412]	40750.996847
[14648]	40914.984639
[14237]	42411.514267
[14943]	42455.686462
[15210]	43211.945015
[11092]	43694.167500
[10925]	43862.006697
[10930]	44211.662682
[15115]	44247.217438
[11844]	44683.076412
[13520]	45259.065390
[10304]	45331.421898
[11931]	45424.645645
[11725]	45663.787491
[11030]	45687.382853
[11288]	46651.933712
[11468]	47602.487035
[15991]	48357.830397
[12807]	48364.026386
[12363]	48876.481845
[12175]	49409.810758
[16252]	49410.768302
[15374]	52380.033752
[12455]	52776.568125
[16322]	52889.138100
[13211]	53150.124139
[15051]	53460.901003
[14845]	53509.700055
[15582]	53640.400297
[13625]	55117.528116
[12375]	55671.931096
[10272]	55809.963268
[10744]	55878.572296
[16233]	56157.133340
[14081]	56242.744587
[14485]	58985.943749
[13484]	59442.554450
[15570]	60344.313767
[10245]	60494.623761
[16261]	60787.493253
[15579]	61809.908492
[10967]	62149.038681
[11197]	63400.938479
[13541]	63700.234497
[12845]	64101.286383
[14534]	64300.234253
[12728]	65790.721236
[10333]	66210.783095
[16268]	68817.765085
[12932]	68904.683498
[12920]	68973.368625
[11447]	71520.237216
[15841]	71626.352817
[13002]	72125.188897
[10647]	73036.506929
[15628]	73301.057121
[15277]	73763.180842
[15478]	73794.191330
[15147]	75089.323408
[14109]	76970.106613
[14877]	80236.202695
[14745]	81171.737471
[12343]	83376.374783
[13964]	84443.952152
[15381]	89241.548468
[10503]	89845.513054
[15174]	91801.867805
[10950]	92449.334708
[15454]	94247.567136
[10926]	94580.736832
[14692]	94773.474394
[13176]	95753.320345
[13194]	97939.427028
[15994]	99482.815214
[11336]	100796.220181
[10409]	101877.299584
[15483]	102065.496148
[13543]	103925.662435
[12876]	107795.916551
[13162]	108208.602664
[13024]	109349.140486
[15138]	113339.250430
[10621]	114963.882851
[12250]	116848.185797
[11027]	120891.129328
[14231]	121860.711501
[12335]	139388.444221
[14256]	139900.590334
[10613]	139906.584459
[11587]	142413.573167
[15855]	145787.286826
[14451]	152148.365091
[11180]	152308.549360
[10910]	160693.944229
[12255]	162267.092705
[10918]	165186.335787
[11730]	165962.670502
[14186]	166488.871696
[15130]	169851.999585
[14733]	177635.852237
[14150]	178600.880515
[12129]	181360.766504
[15127]	184594.822484
[15125]	191849.863006
[14722]	196814.912350
[15237]	199243.709552
[14543]	199567.177575
[15632]	200442.985971
[10482]	206448.653666
[11372]	207684.291276
[14905]	209972.569090
[10954]	211961.310431
[13068]	215636.246323
[11301]	219089.120913
[14458]	220424.972381
[13105]	220525.760717
[11076]	224068.688942
[11332]	224621.548001
[11391]	231018.878287
[13983]	232843.913659
[10448]	235173.002277
[10739]	235752.874122
[14520]	238329.778463
[16476]	239444.870515
[13344]	239943.654453
[15566]	245513.527122
[11525]	246557.947209
[11315]	248130.402042
[15113]	254562.639480
[11013]	260392.466201
[11563]	266803.834991
[12519]	270983.084874
[15317]	274917.551917
[12365]	275386.329578
[12888]	279024.162036
[10154]	281419.018966
[11471]	282608.805334
[12184]	283916.705609
[16171]	287892.090895
[12177]	295652.085519
[14022]	296419.524449
[13799]	297753.042938
[14582]	307108.222270
[11445]	310373.403535
[10268]	314304.388183
[12244]	320884.766049
[10148]	327474.543669
[15584]	327888.195693
[11905]	338292.775280
[12969]	344155.647972
[12239]	346223.606967
[13784]	348157.841142
[10970]	353350.714575
[15074]	354057.184729
[10779]	358036.278908
[11160]	359723.025552
[12119]	360054.087362
[10141]	363156.096783
[10929]	364502.189012
[10545]	376059.517896
[10011]	387291.165334
[10754]	390066.796887
[14120]	392000.935744
[12164]	392000.936702
[12007]	405547.726187
[14960]	409571.429926
[13692]	410786.649705
[14709]	412707.735336
[16133]	415584.063732
[13829]	418841.147921
[13873]	419664.673033
[12492]	426570.117412
[11150]	434092.612852
[10631]	434185.435387
[10361]	436129.086110
[13832]	446622.791591
[11097]	447207.859967
[14006]	460233.982536
[10146]	479430.472948
[10280]	479944.160294
[14583]	484767.303158
[13900]	493869.982307
[14487]	498916.365604
[11865]	502263.299715
[14470]	511160.229729
[13241]	538559.979947
[15008]	538736.267002
[11724]	550630.164659
[12511]	557214.101524
[12115]	557974.697572
[10155]	562676.609184
[10394]	566042.593581
[13970]	566519.410389
[14819]	576657.608584
[11867]	578262.091800
[10608]	582741.118680
[11534]	586874.933267
[16306]	592807.045844
[14945]	594604.840810
[10717]	597558.165606
[11187]	606304.416927
[14828]	613901.411171
[15389]	633206.318302
[11274]	643161.825068
[14496]	649683.215441
[13388]	650140.639366
[13061]	679839.025749
[13459]	680455.180007
[11049]	683116.192252
[10731]	686715.625563
[15643]	694847.376137
[15215]	695266.753306
[14113]	712567.340736
[15401]	717846.453046
[10728]	726166.838295
[10170]	734721.714256
[11172]	742405.379614
[16173]	746850.839975
[13034]	763385.970793
[11126]	764267.999308
[11170]	766223.562854
[11111]	779829.071211
[12012]	785547.869274
[14588]	793374.753009
[14992]	814141.731493
[12124]	835102.339452
[14092]	840374.121108
[10542]	857945.063153
[15022]	882585.864062
[12915]	903078.819676
[14645]	910441.728429
[13048]	926676.568510
[10590]	929166.841662
[15868]	949730.859522
[10577]	950240.443142
[14842]	953067.138222
[11654]	962452.549461
[11067]	974181.624174
[14879]	981713.495319
[13290]	1029392.133676
[13127]	1032562.056429
[11907]	1041706.892395
[16293]	1043779.663974
[13166]	1045640.312731
[11980]	1065831.240641
[15607]	1080303.750022
[15048]	1084704.501212
[13043]	1093155.925063
[10185]	1107100.362506
[11555]	1110432.425068
[14051]	1117695.635225
[11122]	1125481.904673
[14704]	1126879.557160
[14259]	1127735.062839
[10878]	1131891.296627
[10136]	1145767.607775
[10747]	1163225.783461
[10157]	1164500.477707
[10758]	1168474.842833
[11519]	1171214.418094
[15627]	1180749.057140
[10661]	1197030.975261
[13095]	1211265.953103
[13933]	1226240.863254
[11308]	1247168.235482
[12223]	1251235.212188
[12917]	1260120.517344
[13289]	1268749.470233
[14849]	1279954.832367
[14637]	1280406.112628
[10150]	1296377.289277
[13169]	1324076.017120
[10551]	1330268.639401
[12553]	1339564.357988
[14716]	1371551.388244
[14222]	1381616.179771
[11671]	1382476.228005
[15041]	1419120.503730
[16101]	1458589.533513
[12389]	1462400.552363
[15295]	1463431.776782
[11470]	1474261.218580
[13306]	1505754.113050
[14278]	1524443.894262
[11778]	1529583.929291
[10210]	1541523.363595
[11928]	1549654.394833
[11488]	1565331.003229
[13076]	1582172.043917
[12397]	1607056.115538
[11699]	1619371.155418
[14314]	1625011.104038
[14512]	1631379.637441
[12156]	1635532.827413
[12819]	1636646.814052
[12472]	1649729.817633
[11869]	1650578.403769
[10676]	1654091.656102
[16115]	1668761.067015
[13139]	1706102.396009
[12544]	1707321.388957
[15626]	1808297.678548
[11577]	1812111.903311
[14633]	1831773.904661
[16477]	1838507.950314
[13377]	1840314.093603
[10561]	1864188.987609
[11082]	1874536.681537
[15411]	1906996.012097
[13532]	1922361.183446
[14918]	1925440.816108
[13029]	1931510.256072
[14711]	1947803.020966
[13347]	1996652.942068
[12891]	2013809.991812
[11695]	2030979.431434
[11203]	2038639.444020
[11617]	2076067.488986
[12026]	2077065.879002
[11950]	2083019.048339
[12627]	2086792.547667
[10275]	2089476.689409
[11898]	2119519.801605
[15070]	2141941.354529
[14952]	2194601.127853
[14674]	2203093.057932
[11731]	2220291.634928
[11337]	2236494.535006
[14299]	2241361.641291
[14794]	2268819.552668
[16218]	2353196.739238
[11075]	2385849.018687
[16242]	2411954.949816
[16304]	2523942.617774
[12003]	2549511.859688
[12884]	2557705.120799
[12280]	2573489.345747
[10287]	2633068.161702
[10486]	2673118.717263
[13277]	2684223.307149
[16163]	2716706.392704
[13184]	2753532.360289
[13602]	2849487.614063
[11982]	2868941.177828
[11537]	2906834.455902
[12849]	2931503.030629
[13433]	2969735.195333
[13795]	2995057.591710
[15192]	3022049.046221
[12180]	3111879.253472
[11793]	3267849.867927
[14303]	3271585.450339
[14228]	3279604.080100
[10312]	3281675.293995
[15323]	3291792.791891
[10872]	3372075.422541
[10581]	3397632.269899
[10658]	3483346.583350
[10469]	3495632.443055
[13594]	3501552.997511
[11146]	3543576.610371
[11070]	3560378.477468
[10685]	3621259.800265
[12101]	3681143.678469
[12094]	3689834.273424
[11888]	3714682.612097
[13502]	3817712.697045
[11953]	3818625.491153
[11185]	3834349.421440
[13370]	3850050.990575
[16263]	3860067.890331
[11973]	3861583.219354
[11052]	3990928.024908
[15023]	4037280.586732
[11921]	4082136.581273
[10162]	4109721.555356
[14254]	4133205.306711
[11648]	4133806.309155
[14814]	4140083.958326
[12206]	4221726.733993
[13476]	4309656.046268
[10434]	4362122.483024
[15513]	4374012.440549
[14698]	4376058.147359
[15718]	4450779.311930
[14924]	4551511.362956
[12898]	4677239.795877
[13360]	4712545.292176
[11612]	4738789.409599
[16232]	4746354.984598
[14025]	4763075.133319
[12951]	4822467.357104
[11244]	4835407.571711
[16085]	4996876.870642
[10279]	5007139.894126
[11641]	5064153.021516
[14207]	5099174.851339
[11413]	5116548.006852
[10208]	5127595.541544
[14098]	5150939.445905
[12523]	5180902.253557
[10135]	5197006.417636
[14457]	5214336.324847
[14574]	5256444.815262
[13943]	5441323.363219
[11140]	5453735.408656
[14696]	5480407.740777
[12265]	5651763.795126
[11823]	5676764.996525
[15380]	5730955.825101
[11164]	5797031.657909
[15249]	5902331.386390
[10732]	5966338.000759
[15356]	5969734.993169
[12441]	6032268.973302
[11977]	6040343.310826
[10716]	6062468.025082
[15027]	6078460.058433
[14689]	6250352.000412
[10990]	6280883.060976
[10638]	6281719.621990
[10408]	6289225.571403
[13952]	6302618.831840
[10627]	6311873.638367
[14681]	6639455.774763
[15595]	6865136.508823
[12896]	6877072.882818
[15567]	6891671.224973
[11503]	6991034.058496
[10521]	7031991.870075
[14108]	7059212.372651
[13256]	7091778.518161
[12323]	7127642.976464
[11721]	7444035.829109
[13218]	7519910.523578
[11630]	7548074.213099
[10575]	7570820.682902
[13694]	7635434.111979
[11481]	7697825.026295
[15455]	7751140.620349
[10911]	7776016.428214
[10372]	7940480.566654
[12520]	8038973.019516
[10620]	8066592.436998
[13486]	8272543.256109
[13158]	8518864.139943
[13422]	8674393.609615
[15402]	8753466.740214
[16149]	8755015.116335
[13367]	8929731.537631
[10868]	9091020.825462
[10781]	9152382.378456
[11252]	9167562.763006
[10517]	9210814.709258
[10431]	9334107.389785
[14252]	9416215.508437
[14489]	9576152.534397
[11637]	9648517.369359
[12197]	9747722.992320
[13264]	9757357.669254
[10980]	9884471.098263
[10666]	9906553.841190
[10846]	9941574.603281
[11603]	10237754.004370
[12217]	10392682.622086
[14783]	10639674.800281
[13230]	10916477.238373
[10849]	10996528.457342
[12391]	11004218.202987
[14153]	11120871.286331
[10158]	11145835.103215
[11003]	11326731.857382
[12945]	11333262.921979
[12448]	11381396.982134
[11868]	11521599.947812
[10357]	11823241.376672
[10785]	11933856.709582
[10752]	11952182.399574
[14824]	12029776.742707
[10696]	12035909.433068
[15084]	12267889.291575
[15624]	12562429.593038
[12051]	12993150.669313
[11775]	13349516.260495
[11624]	13353974.770815
[11290]	13549079.690520
[15058]	13634017.126942
[12278]	14097533.645759
[11915]	14501720.212833
[14955]	14740044.167669
[16215]	14852859.941240
[16042]	15227948.780465
[13269]	15303011.952591
[10466]	15338970.447446
[15919]	15409346.284832
[11118]	15433467.204858
[14321]	16058076.566722
[13560]	16255784.816895
[12699]	16510389.238297
[13514]	16653488.973718
[12990]	16716535.743450
[11995]	16878212.756840
[13243]	17217026.149273
[10874]	17240246.175437
[12010]	17249495.547479
[14210]	17260153.920239
[15412]	17271031.311292
[12991]	17624974.085591
[11444]	18122362.512253
[13165]	18498081.093070
[14193]	18724901.616013
[11109]	18927766.282200
[13296]	18928274.144471
[13577]	18988826.164109
[14082]	19851797.760385
[11996]	20274685.622549
[15096]	20700446.510784
[11651]	20763717.056036
[12693]	20885473.727233
[11267]	20943568.862507
[12992]	21079799.439250
[14986]	21389873.901994
[13485]	21484740.632134
[11638]	22494144.175675
[14112]	24003754.974349
[14012]	24678846.091281
[10877]	25341208.923388
[15024]	26953278.891141
[15370]	27456033.595573
[10599]	27498221.465268
[15013]	27780639.174839
[13408]	27843721.381685
[14717]	28066924.093366
[10411]	28169450.401110
[14730]	28199606.229578
[14685]	28280687.287255
[10415]	28794212.210771
[14576]	29207682.006695
[11540]	29333048.836173
[14761]	29891273.968151
[14677]	30645912.014257
[10244]	30870951.133683
[11423]	31078208.769433
[13605]	31170312.865896
[16321]	32041035.400629
[15258]	32916913.714994
[10257]	33300736.867338
[13156]	34869988.253206
[12169]	34995104.010505
[11986]	35011496.845371
[12651]	35916431.507096
[13244]	36574568.735933
[12395]	38156435.022495
[12073]	38712008.211086
[13931]	38771759.391133
[13851]	40873340.791831
[11369]	41133400.240927
[14838]	41553318.462013
[14312]	43884394.907498
[12402]	44508099.241753
[14524]	44859409.282524
[11884]	45115404.122038
[11435]	45220897.113436
[10711]	45811777.679747
[10299]	47265128.456947
[10994]	47408333.108825
[10713]	47502297.795322
[12986]	47648018.037127
[14307]	47685996.858406
[13518]	49018322.667850
[13180]	49633540.601244
[12966]	49789059.931033
[14570]	50375815.207109
[14739]	52639327.418485
[15376]	52662971.798502
[14262]	54117573.279032
[16257]	55776686.164146
[10140]	55814880.313112
[10800]	57043332.106172
[13871]	58716953.729925
[12016]	58796491.986573
[11874]	59426629.356383
[14832]	61150920.789327
[13891]	61376704.668572
[14293]	62188561.012535
[10792]	62208885.337940
[11625]	62253774.642141
[15092]	68631621.072916
[14309]	71576166.692718
[12954]	72223911.426470
[15306]	73267387.589552
[12758]	75661154.068469
[14286]	77565426.659084
[16217]	77799417.144780
[12982]	78617912.277100
[11455]	80615281.482342
[14066]	86290083.474025
[11988]	86767930.890163
[12143]	87626732.596575
[12451]	89122012.173264
[10529]	96557210.244565
[11193]	99169339.555798
[10292]	100168069.100771
[13342]	110711657.007642
[11066]	112931872.909120
[16229]	117036104.215175
[14122]	119069887.298259
[12339]	127817697.396909
[11042]	136526394.074283
[14683]	137122484.508867
[14027]	137204415.791979
[10920]	152312594.569182
[11760]	164308589.664088
[13830]	173522249.335934
[14843]	177774640.582870
[12277]	178331840.407777
[13744]	189744064.995702
[13252]	192692613.395222
[14492]	195649390.671912
[14893]	196132106.545064
[13198]	208930166.798673
[14908]	215395472.594912
[13796]	226214785.830759
[14831]	228786830.977545
[10693]	235186257.642076
[13495]	243820716.382423
[10423]	245926317.749820
[12191]	268701816.568042
[11032]	288482533.423022
[15016]	294741873.973095
[16271]	294769541.698586
[14635]	295062131.728843
[11259]	349653590.044980
[14057]	408130796.956734
[12264]	408451366.054322
[13232]	501053962.619159
[12972]	519567205.559889
[15304]	524174052.408745
[14679]	550787234.504269
[14869]	581986288.863926
[11278]	613065647.194100
[12173]	613267085.515140
[10821]	625182430.720169
[14100]	689292315.562267
[12953]	836696420.307841
[11433]	899219739.657365
[11697]	958405994.297766
[10721]	991543648.794569
[13487]	997717296.715907
[12266]	1071134390.924336
[11618]	1097045707.562977
[13303]	1161364423.326875
[14747]	1322273850.967385
[11057]	1381161026.846197
[12889]	1435559869.230665
[13204]	1504975540.735842
[14107]	1513583089.239488
[14771]	1653081227.191411
[12478]	1803656361.937559
[11292]	1850823229.870858
[11298]	1981891047.514133
[13930]	2383713644.408575
[12892]	2754404666.352745
[10397]	3800818981.209498
