[10033]	0.000000
[10085]	0.000000
[10122]	0.000000
[10144]	0.000000
[10164]	0.000000
[10175]	0.000000
[10209]	0.000000
[10261]	0.000000
[10386]	0.000000
[10435]	0.000000
[10480]	0.000000
[10531]	0.000000
[10536]	0.000000
[10555]	0.000000
[10562]	0.000000
[10617]	0.000000
[10710]	0.000000
[10817]	0.000000
[10838]	0.000000
[10897]	0.000000
[10923]	0.000000
[10952]	0.000000
[10965]	0.000000
[10971]	0.000000
[10992]	0.000000
[11004]	0.000000
[11024]	0.000000
[11031]	0.000000
[11050]	0.000000
[11086]	0.000000
[11099]	0.000000
[11138]	0.000000
[11198]	0.000000
[11204]	0.000000
[11230]	0.000000
[11282]	0.000000
[11344]	0.000000
[11375]	0.000000
[11396]	0.000000
[11410]	0.000000
[11417]	0.000000
[11430]	0.000000
[11459]	0.000000
[11473]	0.000000
[11487]	0.000000
[11522]	0.000000
[11526]	0.000000
[11538]	0.000000
[11548]	0.000000
[11871]	0.000000
[11893]	0.000000
[11938]	0.000000
[11971]	0.000000
[12018]	0.000000
[12132]	0.000000
[12134]	0.000000
[12147]	0.000000
[12149]	0.000000
[12211]	0.000000
[12247]	0.000000
[12263]	0.000000
[12324]	0.000000
[12436]	0.000000
[12509]	0.000000
[12598]	0.000000
[12625]	0.000000
[12933]	0.000000
[12934]	0.000000
[12938]	0.000000
[12956]	0.000000
[12957]	0.000000
[13010]	0.000000
[13081]	0.000000
[13113]	0.000000
[13115]	0.000000
[13177]	0.000000
[13226]	0.000000
[13246]	0.000000
[13255]	0.000000
[13297]	0.000000
[13299]	0.000000
[13307]	0.000000
[13331]	0.000000
[13399]	0.000000
[13463]	0.000000
[13464]	0.000000
[13540]	0.000000
[13629]	0.000000
[13667]	0.000000
[13680]	0.000000
[13700]	0.000000
[13726]	0.000000
[13757]	0.000000
[13788]	0.000000
[13792]	0.000000
[13827]	0.000000
[13854]	0.000000
[13856]	0.000000
[13890]	0.000000
[13947]	0.000000
[13954]	0.000000
[13998]	0.000000
[14004]	0.000000
[14013]	0.000000
[14115]	0.000000
[14190]	0.000000
[14196]	0.000000
[14236]	0.000000
[14380]	0.000000
[14408]	0.000000
[14424]	0.000000
[14431]	0.000000
[14435]	0.000000
[14467]	0.000000
[14537]	0.000000
[14601]	0.000000
[14646]	0.000000
[14706]	0.000000
[14750]	0.000000
[14753]	0.000000
[14807]	0.000000
[14853]	0.000000
[14886]	0.000000
[14927]	0.000000
[14965]	0.000000
[14972]	0.000000
[14991]	0.000000
[15045]	0.000000
[15053]	0.000000
[15060]	0.000000
[15063]	0.000000
[15090]	0.000000
[15129]	0.000000
[15154]	0.000000
[15163]	0.000000
[15220]	0.000000
[15221]	0.000000
[15256]	0.000000
[15276]	0.000000
[15344]	0.000000
[15363]	0.000000
[15372]	0.000000
[15399]	0.000000
[15422]	0.000000
[15458]	0.000000
[15498]	0.000000
[15530]	0.000000
[15561]	0.000000
[15601]	0.000000
[15603]	0.000000
[15649]	0.000000
[15774]	0.000000
[15842]	0.000000
[15906]	0.000000
[15946]	0.000000
[15950]	0.000000
[15973]	0.000000
[15978]	0.000000
[16172]	0.000000
[16175]	0.000000
[16560]	0.000000
[16668]	0.000000
[10042]	1.000000
[10224]	1.000000
[10374]	1.000000
[10427]	1.000000
[10478]	1.000000
[10762]	1.000000
[10778]	1.000000
[10927]	1.000000
[10938]	1.000000
[11456]	1.000000
[11636]	1.000000
[11714]	1.000000
[11720]	1.000000
[11883]	1.000000
[11966]	1.000000
[12068]	1.000000
[13008]	1.000000
[13051]	1.000000
[13505]	1.000000
[13574]	1.000000
[13812]	1.000000
[14332]	1.000000
[14631]	1.000000
[14639]	1.000000
[14713]	1.000000
[14812]	1.000000
[14938]	1.000000
[15440]	1.000000
[15462]	1.000000
[16174]	1.000000
[16310]	1.000000
[16634]	1.000000
[16710]	1.000000
[16754]	1.000000
[16760]	1.000000
[10016]	2.000000
[10031]	2.000000
[10556]	2.000000
[10591]	2.000000
[10942]	2.000000
[11280]	2.000000
[11299]	2.000000
[11656]	2.000000
[11728]	2.000000
[11773]	2.000000
[12155]	2.000000
[12222]	2.000000
[12591]	2.000000
[12785]	2.000000
[13016]	2.000000
[13046]	2.000000
[13546]	2.000000
[13604]	2.000000
[13828]	2.000000
[13888]	2.000000
[13968]	2.000000
[14255]	2.000000
[14587]	2.000000
[14695]	2.000000
[14749]	2.000000
[14785]	2.000000
[15054]	2.000000
[15408]	2.000000
[15457]	2.000000
[15885]	2.000000
[16326]	2.000000
[16525]	2.000000
[16526]	2.000000
[16575]	2.000000
[16761]	2.000000
[14656]	2.000000
[10535]	2.000000
[13809]	2.000000
[15343]	2.000000
[10009]	3.000000
[10460]	3.000000
[10697]	3.000000
[11215]	3.000000
[11415]	3.000000
[11675]	3.000000
[12136]	3.000000
[12782]	3.000000
[12983]	3.000000
[13055]	3.000000
[13599]	3.000000
[14003]	3.000000
[14091]	3.000000
[15382]	3.000000
[15656]	3.000000
[15825]	3.000000
[15879]	3.000000
[16050]	3.000000
[16208]	3.000000
[16454]	3.000000
[16599]	3.000000
[16762]	3.000000
[11496]	4.000000
[11531]	4.000000
[11559]	4.000000
[11947]	4.000000
[12252]	4.000000
[12789]	4.000000
[13003]	4.000000
[13125]	4.000000
[14691]	4.000000
[14781]	4.000000
[15235]	4.000000
[15615]	4.000000
[10746]	5.000000
[13693]	5.000000
[15081]	5.000000
[10310]	5.000000
[10569]	5.000000
[10857]	5.000000
[11394]	5.000000
[12846]	5.000000
[12863]	5.000000
[13047]	5.000000
[13322]	5.000000
[14101]	5.000000
[14721]	5.000000
[15183]	5.000000
[15477]	5.000000
[10504]	6.000000
[10511]	6.000000
[10790]	6.000000
[11000]	6.000000
[11064]	6.000000
[11218]	6.000000
[11434]	6.000000
[11497]	6.000000
[11732]	6.000000
[12287]	6.000000
[12369]	6.000000
[13655]	6.000000
[13660]	6.000000
[14110]	6.000000
[14686]	6.000000
[14871]	6.000000
[14996]	6.000000
[15232]	6.000000
[15383]	6.000000
[16083]	6.000000
[16426]	6.000000
[16646]	6.000000
[16758]	6.000000
[10630]	6.000000
[10198]	7.000000
[11367]	7.000000
[11627]	7.000000
[11700]	7.000000
[12854]	7.000000
[12869]	7.000000
[13359]	7.000000
[14655]	7.000000
[14764]	7.000000
[15250]	7.000000
[16253]	7.000000
[16588]	7.000000
[10205]	8.000000
[11036]	8.000000
[11135]	8.000000
[11165]	8.000000
[11392]	8.000000
[12773]	8.000000
[13536]	8.000000
[13865]	8.000000
[15548]	8.000000
[16519]	8.000000
[10181]	9.000000
[10730]	9.000000
[11098]	9.000000
[11643]	9.000000
[11961]	9.000000
[13261]	9.000000
[13501]	9.000000
[13564]	9.000000
[13672]	9.000000
[14046]	9.000000
[14493]	9.000000
[14751]	9.000000
[14855]	9.000000
[15260]	9.000000
[10166]	10.000000
[12314]	10.000000
[12388]	10.000000
[12595]	10.000000
[12832]	10.000000
[14167]	10.000000
[15091]	10.000000
[15446]	10.000000
[15856]	10.000000
[16345]	10.000000
[10171]	10.000000
[11545]	11.000000
[11945]	11.000000
[13731]	11.000000
[15793]	11.000000
[11418]	12.000000
[11564]	12.000000
[12705]	12.000000
[14577]	12.000000
[14792]	12.000000
[15447]	12.000000
[16166]	12.000000
[11015]	13.000000
[15448]	13.000000
[16542]	13.000000
[14736]	13.000000
[12587]	14.000000
[10678]	14.000000
[10945]	14.000000
[11295]	14.000000
[14250]	14.000000
[14987]	14.000000
[15043]	14.000000
[15385]	14.000000
[11646]	15.000000
[13714]	15.000000
[14182]	15.000000
[10278]	16.000000
[11241]	16.000000
[12857]	16.000000
[14477]	16.000000
[15754]	16.000000
[15934]	16.000000
[11431]	16.000000
[11592]	16.000000
[13472]	16.000000
[13507]	17.000000
[15020]	17.000000
[15278]	17.000000
[10325]	17.000000
[12320]	17.000000
[11493]	18.000000
[13984]	18.000000
[11245]	19.000000
[14672]	19.000000
[11924]	19.000000
[10815]	20.000000
[14898]	20.000000
[14229]	20.000000
[15504]	20.000000
[11628]	20.000000
[16128]	21.000000
[11041]	22.000000
[11716]	22.000000
[14320]	22.000000
[14630]	22.000000
[13936]	23.000000
[14268]	23.000000
[15853]	23.000000
[10400]	23.000000
[14270]	23.000000
[12633]	24.000000
[14197]	24.000000
[12987]	24.000001
[12141]	26.000000
[16540]	26.000000
[11194]	27.000000
[12720]	27.000000
[10419]	27.999999
[16254]	28.000000
[16443]	28.000000
[13987]	28.000000
[10005]	29.000000
[11619]	29.000000
[12127]	29.000001
[12638]	29.000001
[11512]	30.000000
[11790]	30.000000
[10300]	31.000000
[13381]	31.000000
[10298]	32.000000
[15030]	33.000000
[11582]	34.000000
[14863]	35.000000
[10519]	36.000000
[12315]	37.000000
[13292]	38.000000
[11827]	39.000000
[11484]	41.000000
[14553]	41.000000
[15604]	43.000000
[15481]	45.000000
[13111]	46.000000
[15160]	49.000000
[16179]	49.000000
[10327]	51.000000
[13415]	51.000000
[16016]	51.000000
[13195]	54.000000
[12635]	55.000000
[14530]	55.000000
[14119]	55.000002
[11376]	57.000000
[13704]	58.000000
[13424]	59.000000
[12294]	59.000002
[10056]	61.999998
[13295]	62.999998
[10172]	63.000000
[14897]	66.000000
[14397]	67.000002
[10237]	72.000000
[11317]	72.000000
[12900]	73.999998
[11511]	77.000000
[12370]	77.000000
[11517]	78.000000
[13715]	78.000002
[12663]	79.000000
[16719]	81.000000
[10900]	85.000000
[13676]	85.000002
[12641]	85.000003
[12653]	85.999998
[12621]	87.000000
[14993]	87.000000
[12193]	88.000000
[10996]	89.999997
[15236]	90.000000
[14282]	91.000000
[11053]	93.000000
[12866]	95.000000
[13525]	96.000000
[14062]	96.000000
[13087]	99.000000
[16156]	101.000000
[14239]	104.000000
[11789]	105.000000
[15231]	105.999996
[11834]	106.999998
[12574]	107.000000
[12055]	107.000004
[14475]	109.000000
[14880]	116.000004
[13682]	117.000000
[14510]	117.000000
[15246]	118.000003
[15532]	119.000000
[10819]	121.000004
[14273]	121.000004
[12784]	123.000000
[13850]	125.000000
[12494]	126.000000
[15012]	126.000000
[13094]	128.000005
[11954]	134.000000
[12190]	134.000000
[11253]	135.000000
[14712]	138.999996
[15325]	138.999996
[13072]	141.000000
[15502]	143.000000
[11495]	146.000004
[15061]	148.000000
[12737]	148.000002
[10313]	148.999998
[11028]	150.000002
[13853]	157.000000
[14559]	159.000000
[14816]	160.000003
[12815]	167.000004
[13535]	174.000000
[11453]	176.000000
[15052]	182.000000
[13826]	184.000000
[12253]	189.000000
[13689]	191.000000
[10243]	193.000000
[15293]	203.999996
[16178]	205.000008
[13618]	206.000000
[14218]	207.000000
[14488]	208.000000
[12671]	210.000000
[12882]	214.000008
[16428]	220.000008
[12347]	221.000000
[13619]	221.000000
[11463]	222.000000
[12125]	222.000000
[15798]	225.999992
[13785]	228.000000
[11108]	229.000000
[13592]	229.000000
[12868]	229.000008
[10216]	230.999994
[10961]	235.000000
[15171]	235.000008
[11007]	239.000000
[12681]	256.000000
[11859]	264.000000
[11399]	270.000000
[12824]	271.000000
[12947]	274.000000
[10615]	279.000000
[12676]	287.000010
[13418]	288.000000
[12748]	290.000000
[13898]	290.999989
[10329]	291.000002
[11684]	292.000008
[11479]	293.000000
[14130]	295.000000
[16390]	298.000008
[14561]	298.999992
[10982]	306.000004
[11421]	307.000000
[14535]	307.000000
[15725]	307.000008
[11952]	316.000004
[12755]	333.000011
[15618]	341.000001
[12087]	352.999992
[12652]	362.000008
[12348]	381.000000
[13806]	383.000008
[10884]	390.000000
[14533]	394.000000
[12721]	395.000000
[11216]	396.000000
[15057]	398.000000
[13203]	405.000000
[12235]	410.000000
[12902]	414.000000
[12886]	418.000000
[10683]	420.000019
[15709]	424.000015
[13658]	430.000000
[10194]	433.000000
[15085]	446.000000
[12684]	450.000000
[11411]	453.000000
[10783]	460.000000
[11283]	470.000000
[15406]	472.000000
[10204]	474.000000
[10349]	476.000015
[12772]	485.000015
[11225]	517.000000
[12798]	533.000000
[15018]	542.000015
[11719]	547.000000
[12615]	547.000008
[13579]	555.999985
[13934]	562.999992
[10221]	563.000000
[10654]	569.000000
[10184]	575.999992
[12559]	576.000000
[12841]	580.000000
[13710]	582.000008
[13461]	588.000011
[13504]	596.000000
[15282]	605.999985
[15153]	607.000008
[10165]	609.000000
[13628]	615.000000
[11941]	617.000023
[14474]	622.000008
[10933]	626.000015
[13467]	629.000000
[13196]	634.000015
[15872]	637.000000
[15245]	643.000031
[11879]	647.000000
[13200]	648.000000
[12709]	653.000015
[11910]	658.000000
[10241]	659.000015
[10405]	661.999969
[15581]	684.000000
[14050]	685.000008
[15794]	686.999985
[12174]	699.000000
[15257]	706.000000
[13863]	713.000015
[12245]	715.000000
[15569]	716.000015
[14125]	719.999985
[14804]	722.999992
[16567]	723.000000
[10139]	744.999985
[11441]	756.000000
[11615]	756.000000
[11764]	770.999966
[12207]	771.000000
[10396]	775.999992
[14895]	777.000000
[12214]	779.000000
[14627]	785.999973
[13768]	792.999992
[14919]	814.000015
[12704]	834.999992
[10322]	845.000000
[11997]	847.000031
[12719]	864.000015
[11535]	865.999992
[12822]	866.999969
[12855]	876.000023
[15124]	885.000015
[15721]	891.999969
[13767]	892.999977
[13341]	892.999985
[13369]	901.000015
[12610]	901.999969
[16647]	921.000000
[11233]	932.000000
[12649]	945.000000
[14030]	953.000000
[10338]	972.000000
[11492]	972.999985
[13182]	974.000000
[10557]	985.000031
[10674]	988.000000
[14065]	990.000000
[10568]	995.000000
[11908]	996.000000
[10775]	999.000015
[14856]	1014.999969
[12831]	1016.000008
[13770]	1019.000000
[12878]	1029.000023
[15887]	1029.999962
[12321]	1031.000046
[11085]	1042.000000
[14088]	1042.000031
[13348]	1043.000000
[11214]	1078.000031
[12844]	1084.000015
[16091]	1099.000031
[13032]	1105.000000
[13654]	1109.000000
[13862]	1119.000000
[12268]	1126.999969
[14306]	1144.000000
[10414]	1152.000000
[14875]	1170.000000
[11063]	1179.000000
[11845]	1179.999985
[10416]	1198.999992
[15741]	1208.999969
[10247]	1213.000031
[14943]	1217.000000
[14805]	1221.000015
[15167]	1222.000031
[14288]	1236.000000
[15115]	1251.000000
[13520]	1270.000000
[11030]	1278.000000
[12066]	1278.000000
[12851]	1293.000015
[13434]	1300.999992
[14234]	1304.000000
[15177]	1315.000031
[14539]	1320.000000
[10225]	1323.999992
[12708]	1345.000031
[15598]	1352.000000
[13121]	1367.000000
[13490]	1369.000000
[15862]	1383.000000
[11588]	1397.000000
[14738]	1398.000031
[12455]	1407.000000
[16322]	1409.000000
[14845]	1420.000000
[11711]	1421.000061
[13942]	1428.999969
[12769]	1433.000031
[14131]	1434.000000
[14718]	1447.000061
[12375]	1458.000000
[13282]	1460.000000
[15861]	1465.000000
[15049]	1465.000046
[10589]	1471.000031
[14942]	1479.000000
[12412]	1492.000000
[14648]	1496.000000
[11123]	1506.000069
[11762]	1515.000000
[10640]	1520.000000
[11726]	1528.000031
[14054]	1529.000000
[11227]	1544.000053
[14797]	1545.000000
[16261]	1546.000000
[12899]	1558.999954
[11092]	1563.000000
[10925]	1567.000000
[10967]	1569.000000
[15497]	1575.000000
[11197]	1590.000000
[13894]	1599.999939
[11931]	1604.000000
[14534]	1605.000000
[10558]	1613.000061
[16097]	1635.999939
[13109]	1696.000061
[12779]	1731.000046
[14237]	1754.000061
[14802]	1764.999985
[15210]	1776.000000
[15051]	1788.000000
[15582]	1792.000000
[15785]	1803.000000
[12171]	1804.000061
[12195]	1823.000076
[10272]	1840.000000
[14102]	1844.000000
[14275]	1846.999962
[15554]	1895.000015
[13484]	1919.000000
[12363]	1928.000061
[11833]	1928.999939
[12175]	1941.999939
[15381]	1997.000000
[13398]	2000.000053
[10503]	2006.000000
[12845]	2018.000000
[11725]	2028.000000
[12853]	2051.000000
[15454]	2071.000000
[13176]	2093.000000
[15991]	2107.000000
[10744]	2108.000061
[16233]	2115.000000
[12920]	2119.000000
[10917]	2120.000031
[15994]	2147.000000
[15483]	2184.000000
[15277]	2216.000000
[11288]	2216.000061
[13211]	2244.000000
[11468]	2246.000061
[10444]	2249.999908
[12876]	2265.000000
[10930]	2271.999939
[11550]	2273.000023
[15138]	2342.000000
[14745]	2362.000000
[16268]	2421.999939
[11447]	2484.999939
[15147]	2567.000061
[10950]	2576.000000
[12728]	2587.000000
[10333]	2598.000000
[12932]	2668.000000
[13194]	2677.000000
[14877]	2682.999939
[10613]	2695.000000
[10540]	2753.000084
[15855]	2770.000000
[13964]	2775.999939
[13543]	2785.000000
[14451]	2850.000000
[11180]	2852.000000
[13162]	2861.000000
[16252]	2901.000061
[15374]	2911.999878
[15174]	2934.999939
[15570]	2942.999908
[12255]	2975.000000
[15628]	2995.000000
[14692]	2997.999939
[11730]	3020.000000
[10559]	3049.000000
[15130]	3067.000000
[15841]	3133.999878
[10409]	3145.999878
[14733]	3160.000000
[10647]	3175.000122
[13541]	3190.000000
[13625]	3220.999939
[15127]	3242.000000
[14109]	3288.000000
[13024]	3298.000122
[16078]	3334.000015
[15579]	3367.999878
[14485]	3370.000122
[11844]	3417.999878
[15632]	3425.000000
[12343]	3468.000000
[11372]	3507.000000
[14231]	3544.999878
[14458]	3649.000000
[14081]	3699.000000
[10910]	3724.000000
[13002]	3732.999878
[11391]	3765.000000
[10448]	3810.000000
[14186]	3813.000000
[12807]	3829.000122
[16476]	3856.000000
[10304]	3905.999893
[12250]	4087.000122
[10245]	4182.999878
[15125]	4191.000000
[15317]	4228.000000
[14722]	4263.000000
[12888]	4270.000000
[15237]	4298.000000
[10926]	4317.999939
[11587]	4329.000000
[10918]	4342.000122
[16171]	4360.000000
[10482]	4401.000000
[12177]	4438.000000
[13799]	4459.000000
[10954]	4479.000000
[14150]	4573.999878
[12335]	4597.000122
[12129]	4621.000122
[10148]	4751.000000
[15584]	4755.000000
[13344]	4865.000000
[14256]	4897.000122
[12969]	4911.000000
[15566]	4940.000000
[13784]	4949.000000
[11525]	4954.000000
[11160]	5058.000000
[10545]	5210.000000
[12519]	5276.000000
[15478]	5277.999847
[12365]	5333.000000
[14543]	5421.000000
[10739]	5503.999878
[13692]	5526.000000
[13829]	5598.000000
[11315]	5695.000122
[10361]	5751.000000
[11301]	5769.000000
[15113]	5793.000000
[14006]	5961.000000
[13983]	6008.000000
[14520]	6102.000000
[11905]	6117.000000
[10280]	6130.000000
[13068]	6149.000244
[14583]	6171.000000
[11336]	6333.000183
[14470]	6393.000000
[10929]	6429.000000
[11013]	6473.000000
[10621]	6523.000031
[14582]	6564.999756
[11724]	6718.000000
[11027]	6953.000092
[11076]	7057.000183
[11471]	7364.000244
[11097]	7368.000000
[14022]	7602.000122
[14905]	7610.999756
[10011]	7662.999756
[12164]	7725.000000
[15643]	7845.000000
[13900]	7872.000000
[11332]	7960.999756
[12119]	8034.000000
[10728]	8079.000000
[13241]	8340.000000
[15074]	8557.999878
[10779]	8622.000122
[10141]	8704.000244
[14992]	8719.000000
[11867]	8745.000000
[10268]	8843.000366
[14945]	8909.000000
[12244]	8966.000244
[10542]	9029.000000
[10631]	9102.000000
[11865]	9113.000244
[14120]	9159.000244
[10154]	9252.000122
[13832]	9275.000000
[12239]	9432.000122
[14496]	9451.000000
[13048]	9505.000000
[15008]	9549.000000
[10970]	9561.000244
[13105]	9566.000244
[15868]	9662.000000
[12115]	9774.999756
[10394]	9869.000244
[14819]	9992.000244
[15401]	10101.000000
[11445]	10194.999939
[10717]	10232.000244
[12492]	10296.999756
[13166]	10302.000000
[14960]	10549.999756
[16133]	10653.000244
[12511]	10749.000000
[14051]	10770.000000
[10878]	10861.000000
[10146]	11130.999756
[12124]	11173.000000
[16306]	11202.000000
[10731]	11226.000000
[15215]	11319.000000
[12184]	11321.000244
[13095]	11363.000000
[14113]	11505.999756
[11172]	11825.000244
[10608]	11930.000000
[13169]	12058.000000
[12007]	12185.000244
[14709]	12328.000244
[11671]	12410.000000
[14487]	12581.000000
[11274]	12740.999756
[13388]	12833.000488
[11187]	13017.000000
[15607]	13265.000000
[11170]	13292.000000
[15048]	13301.000000
[13043]	13370.000000
[11534]	13408.999878
[14645]	13548.000000
[10754]	13726.999878
[11699]	13790.000000
[10577]	13939.999512
[15627]	14075.000000
[16173]	14075.999756
[11150]	14138.999634
[13034]	14283.000488
[11126]	14294.000244
[11308]	14598.000000
[13459]	14798.999756
[12915]	14831.000000
[11082]	15203.000000
[15411]	15378.000000
[14704]	15618.000000
[12891]	15947.000000
[10758]	16000.000488
[11519]	16024.999512
[14092]	16182.000000
[12012]	16286.000732
[12627]	16330.000000
[16293]	16334.000000
[10275]	16344.000000
[14588]	16394.000000
[11654]	16669.000244
[11928]	16872.000000
[15389]	16882.000488
[11563]	16916.000244
[12553]	17526.000000
[15022]	17600.999268
[10155]	17861.999634
[14879]	17949.000000
[13933]	18186.000000
[14842]	18526.000732
[14828]	18573.000122
[11907]	18673.000488
[11470]	18682.000488
[13873]	18844.999939
[10150]	18873.000000
[10210]	19246.000488
[10486]	19261.000000
[13532]	19479.000000
[10157]	20113.000488
[14637]	20163.000488
[11695]	20206.000000
[13290]	20390.000000
[12849]	20483.000000
[13306]	20854.000000
[13970]	21035.000610
[14222]	21211.999512
[10661]	21566.000244
[11980]	21704.000977
[10170]	21727.000977
[12389]	22031.000977
[14303]	22038.000000
[12472]	22163.000000
[10872]	22487.000000
[11075]	22496.000000
[11049]	22680.000305
[13127]	22720.000488
[10658]	22979.000000
[11488]	23053.000488
[14259]	23341.999512
[14278]	24069.000000
[11111]	24093.999268
[13289]	24378.000732
[16101]	24603.000488
[11869]	25379.000977
[11778]	25395.000244
[10676]	25415.000977
[16218]	25515.999023
[12223]	25824.001221
[11950]	25891.000000
[16242]	25938.999023
[15041]	26268.000732
[12180]	26855.000000
[16115]	26913.000488
[15626]	26970.999023
[10136]	27004.000854
[11555]	27021.000000
[13076]	27156.000000
[14299]	27187.000000
[13139]	27313.000244
[14716]	27453.999268
[10287]	27501.000000
[11067]	27535.999756
[14314]	27644.000000
[14849]	27718.999268
[11793]	27745.000000
[11577]	28433.000244
[11122]	28872.000610
[12819]	28888.000488
[14674]	28951.999512
[13602]	28988.000977
[11070]	29377.000000
[13061]	29402.998657
[12156]	29906.999512
[10561]	30294.000000
[13347]	30332.001465
[12397]	30513.000977
[11731]	30926.000977
[14918]	30954.000000
[16477]	31217.000977
[14794]	31374.999023
[11052]	31700.000000
[14952]	32305.000000
[13377]	32353.999023
[14254]	32449.000000
[11617]	32548.000000
[15295]	33780.999023
[11888]	34593.000000
[14924]	34603.000000
[10747]	35115.000000
[11185]	35331.999023
[16163]	35379.000000
[13184]	35697.999023
[15192]	35743.000488
[14633]	36081.999023
[11203]	36809.000977
[11337]	36845.000000
[10162]	37004.000977
[12544]	37436.998535
[14228]	37746.000977
[12917]	37795.000977
[12101]	37845.000000
[16304]	39938.000488
[12026]	40148.001709
[10185]	41185.999878
[14711]	41618.001709
[12280]	41764.999268
[11982]	41997.999023
[13370]	42005.000000
[11537]	42366.999023
[11898]	43243.000488
[13943]	44618.000977
[15070]	45103.999023
[10590]	45624.000549
[13433]	45948.998047
[10469]	46066.000000
[13594]	46118.000000
[15718]	46267.998047
[16263]	47071.999023
[10551]	47087.999390
[13029]	47096.000000
[14512]	47393.999023
[10312]	47577.001953
[10716]	47952.000000
[13277]	48669.000000
[13795]	48855.999512
[12003]	50657.998047
[14207]	50658.999023
[11413]	50773.999023
[10685]	50805.000000
[15380]	50836.000000
[11164]	51226.000000
[15023]	52740.000000
[14698]	53508.000000
[13502]	54324.998535
[15323]	56899.000000
[16085]	58456.000000
[12884]	59989.000854
[12898]	60255.000000
[11648]	60563.997559
[12094]	61397.998535
[15567]	61926.000977
[11146]	62021.997803
[14098]	62040.001465
[10581]	62352.999023
[15513]	62888.001465
[12951]	63481.000000
[13476]	63826.998047
[11612]	64591.001953
[11244]	65466.000000
[14025]	66563.999023
[12265]	68357.998047
[12520]	68621.000977
[14457]	68842.998047
[15595]	69097.998047
[11953]	69478.002441
[13218]	69747.000000
[11921]	70469.001709
[15402]	72628.999023
[11641]	72727.998047
[13360]	73665.000000
[15027]	74073.000977
[10696]	75745.998047
[10434]	78063.000488
[13694]	80655.996094
[10521]	81630.000977
[10911]	81642.999023
[13952]	82235.001953
[14814]	82700.997070
[16232]	83669.002930
[10638]	83962.001953
[10732]	84583.998047
[12523]	85148.998535
[11977]	85282.002441
[12051]	87733.000000
[10627]	87819.003418
[10408]	89294.000977
[15455]	89668.001953
[11290]	90218.000000
[10208]	91357.002197
[10517]	91400.000977
[12441]	91424.002441
[14574]	91801.000977
[12206]	92216.996094
[14681]	92579.000977
[10575]	95088.002930
[13243]	96163.998047
[13422]	96654.000000
[14489]	97154.003906
[10135]	97199.002441
[13486]	98583.002930
[11503]	99244.003906
[10279]	99254.000244
[10990]	100848.998047
[14108]	101525.997070
[14696]	101678.999023
[13256]	101838.002930
[11140]	102305.003906
[14689]	103036.000977
[11973]	103800.000000
[14824]	105003.000000
[15356]	105553.996582
[10372]	106206.001465
[13367]	108459.000000
[15058]	109172.998047
[16215]	109797.000000
[15249]	109802.001953
[14252]	114656.998047
[11252]	114796.001953
[13264]	115061.000000
[10357]	115422.000977
[12991]	115809.003906
[11823]	117234.997559
[13269]	117909.996094
[10431]	118295.001953
[10781]	118767.998047
[10846]	118883.000488
[11915]	118935.000000
[10752]	119681.003906
[10620]	120665.003906
[11721]	123509.000977
[12323]	124515.999023
[11444]	125370.000000
[16149]	125842.996094
[11481]	129911.001709
[10666]	131176.996094
[13560]	133481.003906
[14783]	135548.004883
[10877]	136953.000000
[14210]	138924.000000
[12699]	139692.001953
[12896]	139984.005371
[15624]	141625.001953
[11637]	142372.994629
[10980]	143111.997070
[12448]	143892.997559
[12693]	145075.998047
[14153]	145681.994629
[11118]	145754.997070
[11603]	146501.997070
[11868]	153037.001953
[13158]	153666.003418
[11630]	155502.993164
[11624]	157718.000000
[14955]	160417.000000
[12217]	162869.003906
[10868]	163618.996582
[15084]	165280.004883
[10785]	167504.003906
[13514]	167682.006836
[10849]	167696.991211
[11775]	168822.997559
[14012]	169530.000000
[10415]	170708.003906
[13165]	172496.997070
[13408]	175732.005859
[16042]	177213.996094
[10158]	181338.000000
[12391]	182261.999512
[15013]	183453.000000
[11003]	185806.005859
[12990]	185926.002930
[11651]	186308.994141
[13230]	187143.999023
[10244]	188249.003906
[12010]	195207.995605
[12945]	199695.006836
[14717]	205397.005859
[15919]	209995.995117
[12402]	214758.007813
[15258]	221281.992188
[10874]	226317.000000
[11109]	227809.006348
[12278]	230971.993652
[14321]	231318.000000
[11638]	233002.001953
[14082]	237515.998047
[12197]	238624.005737
[12395]	244180.996094
[14986]	244637.000000
[14193]	245110.995117
[13577]	249357.000000
[10466]	255633.003906
[11369]	256721.992188
[11995]	261816.987305
[10411]	267048.000000
[15412]	267263.000000
[12651]	268468.007813
[14677]	270180.996094
[16321]	273830.000000
[15024]	282398.011719
[13296]	282610.001953
[12169]	285489.008789
[12992]	291949.000000
[11996]	294283.999023
[13485]	295676.007813
[11625]	300476.011719
[12986]	300901.007813
[12966]	300991.001953
[12073]	305362.006836
[13156]	307873.007813
[11267]	310124.990234
[15096]	316517.005859
[11435]	319840.000000
[15092]	320663.000000
[13518]	322810.988281
[10711]	329205.996094
[14739]	330259.007813
[13605]	344279.003906
[14112]	346176.000000
[14685]	359310.000000
[14838]	368583.996094
[14576]	373342.994141
[15370]	400158.002930
[11423]	403466.013672
[10599]	405225.992188
[15306]	411707.003906
[11540]	418193.981934
[10257]	430605.984375
[13180]	437531.988281
[11455]	449767.007813
[11986]	451330.004883
[12016]	459148.976563
[14309]	460005.994141
[11988]	460844.007813
[14312]	461384.997070
[14761]	468377.003174
[12982]	471878.994141
[13931]	483093.017578
[14730]	490060.013672
[11884]	501587.992188
[14286]	501786.017578
[14066]	502100.013672
[16257]	511435.995117
[14262]	516326.991211
[11874]	516426.993164
[14293]	518292.000000
[10713]	519127.029297
[12143]	526431.998047
[13851]	537593.992676
[14524]	541723.984375
[14832]	543781.989258
[14307]	549584.991211
[12758]	567935.000000
[10994]	573670.986328
[12954]	588132.987305
[15376]	589858.010742
[14570]	590169.005859
[13244]	623273.986084
[10299]	644793.984375
[10140]	664063.000000
[16217]	671389.013672
[13871]	679500.021484
[13891]	697294.995117
[10792]	706179.995117
[10800]	712160.011230
[10292]	725126.984375
[12277]	859995.000000
[12451]	863279.964844
[11760]	865321.031250
[16229]	909914.951172
[10920]	914804.988281
[10529]	973647.017578
[13744]	990603.949219
[11193]	1079746.000000
[13342]	1117970.947266
[11066]	1132867.986328
[13830]	1138419.009766
[13252]	1186626.972656
[14122]	1244651.015625
[14027]	1258966.037109
[11042]	1315015.958984
[12339]	1339161.960938
[14683]	1343596.980469
[14843]	1467505.957031
[14893]	1556351.972656
[14908]	1579903.964844
[14492]	1685087.036133
[11032]	1690008.984375
[13198]	1702264.001953
[14831]	1781401.992188
[13796]	1895095.958984
[13495]	1914290.031250
[10423]	2003643.960938
[14635]	2008028.935547
[10693]	2046689.023438
[12191]	2059565.105469
[16271]	2069450.906250
[15016]	2190566.039063
[12972]	2191707.984375
[11259]	2385244.962891
[14057]	2728890.996094
[12173]	3110258.125000
[12264]	3208597.927734
[13232]	3220131.058594
[14679]	3238882.937500
[15304]	3334993.066406
[14869]	3645192.890625
[11278]	3665178.126953
[10821]	3823401.054688
[14100]	4347947.841797
[12953]	4391778.187500
[11433]	5279599.964844
[11697]	5588357.929688
[10721]	5593468.871094
[13487]	5750197.876953
[12266]	6319802.929688
[11618]	6573355.937500
[14747]	6660546.140625
[11057]	6989517.882813
[13303]	7015506.000000
[14107]	7230452.753906
[12889]	7354163.976563
[13204]	7373562.796875
[14771]	7849714.921875
[11292]	9002638.863281
[12478]	9078452.187500
[11298]	9859384.250000
[13930]	11432853.480469
[12892]	12541311.250000
[10397]	15818609.742188
