[10033]	0.000000
[10085]	0.000000
[10122]	0.000000
[10144]	0.000000
[10164]	0.000000
[10175]	0.000000
[10209]	0.000000
[10261]	0.000000
[10386]	0.000000
[10435]	0.000000
[10480]	0.000000
[10531]	0.000000
[10536]	0.000000
[10555]	0.000000
[10562]	0.000000
[10617]	0.000000
[10710]	0.000000
[10817]	0.000000
[10838]	0.000000
[10897]	0.000000
[10923]	0.000000
[10952]	0.000000
[10965]	0.000000
[10971]	0.000000
[10992]	0.000000
[11004]	0.000000
[11024]	0.000000
[11031]	0.000000
[11050]	0.000000
[11086]	0.000000
[11099]	0.000000
[11138]	0.000000
[11198]	0.000000
[11204]	0.000000
[11230]	0.000000
[11282]	0.000000
[11344]	0.000000
[11375]	0.000000
[11396]	0.000000
[11410]	0.000000
[11417]	0.000000
[11430]	0.000000
[11459]	0.000000
[11473]	0.000000
[11487]	0.000000
[11522]	0.000000
[11526]	0.000000
[11538]	0.000000
[11548]	0.000000
[11871]	0.000000
[11893]	0.000000
[11938]	0.000000
[11971]	0.000000
[12018]	0.000000
[12132]	0.000000
[12134]	0.000000
[12147]	0.000000
[12149]	0.000000
[12211]	0.000000
[12247]	0.000000
[12263]	0.000000
[12324]	0.000000
[12436]	0.000000
[12509]	0.000000
[12598]	0.000000
[12625]	0.000000
[12933]	0.000000
[12934]	0.000000
[12938]	0.000000
[12956]	0.000000
[12957]	0.000000
[13010]	0.000000
[13081]	0.000000
[13113]	0.000000
[13115]	0.000000
[13177]	0.000000
[13226]	0.000000
[13246]	0.000000
[13255]	0.000000
[13297]	0.000000
[13299]	0.000000
[13307]	0.000000
[13331]	0.000000
[13399]	0.000000
[13463]	0.000000
[13464]	0.000000
[13540]	0.000000
[13629]	0.000000
[13667]	0.000000
[13680]	0.000000
[13700]	0.000000
[13726]	0.000000
[13757]	0.000000
[13788]	0.000000
[13792]	0.000000
[13827]	0.000000
[13854]	0.000000
[13856]	0.000000
[13890]	0.000000
[13947]	0.000000
[13954]	0.000000
[13998]	0.000000
[14004]	0.000000
[14013]	0.000000
[14115]	0.000000
[14190]	0.000000
[14196]	0.000000
[14236]	0.000000
[14380]	0.000000
[14408]	0.000000
[14424]	0.000000
[14431]	0.000000
[14435]	0.000000
[14467]	0.000000
[14537]	0.000000
[14601]	0.000000
[14646]	0.000000
[14706]	0.000000
[14750]	0.000000
[14753]	0.000000
[14807]	0.000000
[14853]	0.000000
[14886]	0.000000
[14927]	0.000000
[14965]	0.000000
[14972]	0.000000
[14991]	0.000000
[15045]	0.000000
[15053]	0.000000
[15060]	0.000000
[15063]	0.000000
[15090]	0.000000
[15129]	0.000000
[15154]	0.000000
[15163]	0.000000
[15220]	0.000000
[15221]	0.000000
[15256]	0.000000
[15276]	0.000000
[15344]	0.000000
[15363]	0.000000
[15372]	0.000000
[15399]	0.000000
[15422]	0.000000
[15458]	0.000000
[15498]	0.000000
[15530]	0.000000
[15561]	0.000000
[15601]	0.000000
[15603]	0.000000
[15649]	0.000000
[15774]	0.000000
[15842]	0.000000
[15906]	0.000000
[15946]	0.000000
[15950]	0.000000
[15973]	0.000000
[15978]	0.000000
[16172]	0.000000
[16175]	0.000000
[16560]	0.000000
[16668]	0.000000
[10042]	1.000000
[10224]	1.000000
[10374]	1.000000
[10478]	1.000000
[10762]	1.000000
[10778]	1.000000
[10927]	1.000000
[10938]	1.000000
[11636]	1.000000
[11714]	1.000000
[11720]	1.000000
[11883]	1.000000
[11966]	1.000000
[12068]	1.000000
[13008]	1.000000
[13051]	1.000000
[13505]	1.000000
[13574]	1.000000
[13812]	1.000000
[14332]	1.000000
[14631]	1.000000
[14639]	1.000000
[14713]	1.000000
[14812]	1.000000
[14938]	1.000000
[15440]	1.000000
[15462]	1.000000
[16174]	1.000000
[16634]	1.000000
[16710]	1.000000
[16754]	1.000000
[16760]	1.000000
[10016]	1.414214
[10031]	1.414214
[10427]	1.414214
[10556]	1.414214
[10591]	1.414214
[10942]	1.414214
[11280]	1.414214
[11728]	1.414214
[11773]	1.414214
[12222]	1.414214
[12591]	1.414214
[12785]	1.414214
[13016]	1.414214
[13046]	1.414214
[13828]	1.414214
[13888]	1.414214
[14255]	1.414214
[14587]	1.414214
[14695]	1.414214
[14749]	1.414214
[14785]	1.414214
[15408]	1.414214
[15457]	1.414214
[15885]	1.414214
[16310]	1.414214
[16326]	1.414214
[16526]	1.414214
[16575]	1.414214
[16761]	1.414214
[10009]	1.732051
[10460]	1.732051
[11675]	1.732051
[12136]	1.732051
[12782]	1.732051
[12983]	1.732051
[13055]	1.732051
[13599]	1.732051
[14003]	1.732051
[14091]	1.732051
[15382]	1.732051
[15656]	1.732051
[15825]	1.732051
[15879]	1.732051
[16050]	1.732051
[16208]	1.732051
[16454]	1.732051
[16599]	1.732051
[16762]	1.732051
[11299]	2.000000
[11456]	2.000000
[11531]	2.000000
[11656]	2.000000
[11947]	2.000000
[12155]	2.000000
[12252]	2.000000
[12789]	2.000000
[13604]	2.000000
[13968]	2.000000
[15054]	2.000000
[15235]	2.000000
[15615]	2.000000
[16525]	2.000000
[10569]	2.236068
[11394]	2.236068
[12846]	2.236068
[12863]	2.236068
[13047]	2.236068
[13322]	2.236068
[14101]	2.236068
[15183]	2.236068
[15477]	2.236068
[10504]	2.449490
[10511]	2.449490
[10697]	2.449490
[10790]	2.449490
[11000]	2.449490
[11064]	2.449490
[11215]	2.449490
[11218]	2.449490
[11415]	2.449490
[11434]	2.449490
[11497]	2.449490
[12287]	2.449490
[13660]	2.449490
[14110]	2.449490
[14686]	2.449490
[14996]	2.449490
[15232]	2.449490
[15383]	2.449490
[16426]	2.449490
[16646]	2.449490
[16758]	2.449490
[10535]	2.449490
[15343]	2.449490
[11367]	2.645751
[11700]	2.645751
[12869]	2.645751
[13359]	2.645751
[14655]	2.645751
[14764]	2.645751
[15250]	2.645751
[16588]	2.645751
[10205]	2.828427
[11036]	2.828427
[11392]	2.828427
[11496]	2.828427
[11559]	2.828427
[13003]	2.828427
[13125]	2.828427
[13536]	2.828427
[13546]	2.828427
[13865]	2.828427
[14691]	2.828427
[14781]	2.828427
[15548]	2.828427
[16519]	2.828427
[13261]	3.000000
[13564]	3.000000
[14855]	3.000000
[10166]	3.162278
[10310]	3.162278
[10857]	3.162278
[12595]	3.162278
[14167]	3.162278
[14721]	3.162278
[15091]	3.162278
[15446]	3.162278
[15856]	3.162278
[16345]	3.162278
[11545]	3.316625
[11945]	3.316625
[15793]	3.316625
[11418]	3.464102
[11732]	3.464102
[12369]	3.464102
[12705]	3.464102
[13655]	3.464102
[16083]	3.464102
[13809]	3.464102
[10945]	3.741657
[11295]	3.741657
[11627]	3.741657
[12854]	3.741657
[16253]	3.741657
[10746]	3.872983
[13693]	3.872983
[15081]	3.872983
[13714]	3.872983
[11135]	4.000000
[11165]	4.000000
[11241]	4.000000
[12773]	4.000000
[12857]	4.000000
[15754]	4.000000
[15934]	4.000000
[15278]	4.123106
[10181]	4.242641
[11098]	4.242641
[11493]	4.242641
[11961]	4.242641
[14751]	4.242641
[14871]	4.242641
[11245]	4.358899
[12314]	4.472136
[12388]	4.472136
[12832]	4.472136
[15504]	4.472136
[14656]	4.472136
[10198]	4.582576
[11716]	4.690416
[13731]	4.690416
[14630]	4.690416
[10400]	4.795832
[14197]	4.898979
[11015]	5.099020
[15448]	5.099020
[16542]	5.099020
[10730]	5.196152
[11194]	5.196152
[13501]	5.196152
[14046]	5.196152
[14493]	5.196152
[10678]	5.291503
[14250]	5.291503
[15385]	5.291503
[16254]	5.291503
[11512]	5.477226
[10630]	5.477226
[10278]	5.656854
[14477]	5.656854
[11564]	6.000000
[11643]	6.000000
[13672]	6.000000
[14577]	6.000000
[15260]	6.000000
[12315]	6.082763
[13292]	6.164414
[14736]	6.244998
[14229]	6.324555
[11484]	6.403124
[12587]	6.480741
[14182]	6.708204
[15481]	6.708204
[14270]	6.782330
[12633]	6.928203
[14792]	6.928203
[11431]	6.928203
[11592]	6.928203
[13472]	6.928203
[16179]	7.000000
[13507]	7.141428
[15020]	7.141428
[12141]	7.211103
[16540]	7.211103
[13984]	7.348469
[14987]	7.483315
[11924]	7.549835
[10005]	7.615773
[11619]	7.615773
[13704]	7.615773
[11646]	7.745967
[16166]	7.745967
[10300]	7.874008
[13381]	7.874008
[14897]	8.124038
[11582]	8.246211
[14268]	8.306624
[15853]	8.306624
[14863]	8.366600
[10237]	8.485281
[14672]	8.717798
[12370]	8.774964
[11517]	8.831761
[12663]	8.888194
[12720]	9.000000
[10419]	9.165151
[10900]	9.219544
[14993]	9.327379
[12127]	9.327379
[12193]	9.380832
[14320]	9.380832
[13111]	9.591663
[13525]	9.797959
[15447]	9.797959
[15160]	9.899495
[16156]	10.049876
[14239]	10.198039
[13195]	10.392305
[14475]	10.440307
[10171]	10.488089
[15043]	10.583005
[13936]	10.723805
[14510]	10.816654
[13424]	10.862780
[15532]	10.908712
[10325]	10.908712
[12320]	10.908712
[10815]	10.954451
[14898]	10.954451
[12987]	10.954451
[13850]	11.180340
[10172]	11.224972
[11954]	11.575837
[12190]	11.575837
[11253]	11.618950
[11628]	11.832160
[15502]	11.958261
[11317]	12.000000
[12638]	12.041595
[11790]	12.247449
[13415]	12.369317
[11041]	12.409674
[11511]	12.409674
[11827]	12.489996
[13853]	12.529964
[14559]	12.609520
[10298]	12.649111
[14119]	12.845233
[15052]	13.490738
[13826]	13.564660
[11053]	13.638182
[12253]	13.747727
[12866]	13.784049
[16016]	14.282857
[14488]	14.422205
[11463]	14.899664
[16443]	14.966630
[13592]	15.132746
[16128]	15.198684
[13682]	15.297059
[10961]	15.329710
[10519]	15.874508
[15012]	15.874508
[13987]	15.874508
[12681]	16.000000
[12653]	16.062378
[12621]	16.155494
[15030]	16.248077
[12824]	16.462078
[12635]	16.583124
[15061]	17.204651
[13087]	17.233688
[15604]	17.349351
[15231]	17.832554
[16719]	18.000000
[14553]	18.110770
[13535]	18.654758
[14282]	19.078784
[12494]	19.442222
[13689]	19.544820
[14062]	19.595918
[10243]	19.646883
[13715]	19.748418
[12721]	19.874607
[11216]	19.899749
[13203]	20.124612
[10327]	20.199010
[12294]	20.322402
[14218]	20.346990
[13072]	20.566964
[13658]	20.736441
[12347]	21.023796
[15236]	21.213203
[12684]	21.213203
[11108]	21.400935
[11007]	21.863211
[12815]	22.383030
[13676]	22.583180
[11225]	22.737634
[11789]	22.912878
[11859]	22.978251
[11834]	23.130067
[14530]	23.452079
[14880]	24.083190
[11479]	24.207437
[12641]	24.392622
[13504]	24.413111
[14397]	24.556059
[10819]	24.596748
[14273]	24.596748
[14535]	24.779023
[13628]	24.799194
[10996]	25.099800
[15872]	25.238859
[12882]	25.337719
[13200]	25.455844
[11910]	25.651511
[16428]	25.690466
[11376]	26.153394
[13295]	26.324893
[12174]	26.438608
[11453]	26.532998
[15171]	26.551837
[12245]	26.739484
[11495]	27.018513
[12784]	27.166155
[12737]	27.202941
[10884]	27.928480
[14533]	28.071338
[15057]	28.213472
[12900]	28.530685
[13618]	28.705400
[12902]	28.774989
[15325]	28.879058
[12886]	28.913665
[12671]	28.982753
[11684]	29.597298
[13619]	29.732137
[16390]	29.899833
[14561]	29.949958
[13785]	30.199338
[16647]	30.347982
[15725]	30.347982
[10056]	30.495901
[11283]	30.659419
[15406]	30.724583
[14030]	30.870698
[12055]	31.032242
[13182]	31.208973
[10674]	31.432467
[14065]	31.464265
[15293]	31.937439
[13348]	32.295511
[11028]	32.403704
[12798]	32.649655
[11399]	32.863353
[11719]	33.075671
[12947]	33.105891
[13654]	33.301652
[10615]	33.406586
[10221]	33.555923
[12559]	33.941125
[11063]	34.336569
[14943]	34.885527
[10165]	34.899857
[11421]	35.042831
[16178]	35.071356
[15115]	35.369478
[13520]	35.637059
[11030]	35.749126
[11879]	35.972211
[15246]	36.027768
[12125]	36.496575
[10313]	36.619667
[12455]	37.509999
[16322]	37.536649
[14845]	37.682887
[10349]	37.788888
[12772]	38.144463
[12375]	38.183766
[11615]	38.884444
[10982]	39.115215
[12207]	39.268308
[16261]	39.319207
[10967]	39.610605
[11952]	39.749214
[15798]	39.774363
[11197]	39.874804
[12868]	40.037483
[14534]	40.062451
[13094]	40.792157
[10322]	41.109610
[12574]	41.376322
[13418]	41.569219
[10783]	42.895221
[10933]	43.335898
[10204]	43.543082
[10568]	44.609416
[11908]	44.631827
[15381]	44.687806
[10503]	44.788391
[12235]	45.276926
[15454]	45.508241
[10216]	45.596052
[14816]	45.607017
[11085]	45.650849
[13176]	45.749317
[13863]	46.249325
[15994]	46.335731
[15569]	46.346521
[16567]	46.572524
[15483]	46.733286
[13862]	47.307505
[12876]	47.592016
[11441]	47.623524
[10654]	47.707442
[14306]	47.833043
[10414]	48.000000
[12748]	48.166378
[12841]	48.166378
[12755]	48.280432
[15138]	48.394215
[14130]	48.579831
[13467]	50.159745
[12652]	50.338852
[11997]	50.408334
[12066]	50.556899
[14539]	51.380930
[13806]	51.778374
[10613]	51.913389
[15598]	52.000000
[15581]	52.306787
[13490]	52.325902
[15855]	52.630789
[14712]	52.725705
[13934]	53.056573
[12649]	53.244718
[14451]	53.385391
[11180]	53.404120
[10557]	54.359913
[12255]	54.543561
[12412]	54.626001
[14648]	54.699177
[11730]	54.954527
[15130]	55.380502
[11092]	55.910643
[14088]	55.910644
[10925]	55.982140
[12676]	56.187188
[14733]	56.213877
[11931]	56.639209
[11214]	56.868270
[15127]	56.938563
[13579]	57.758116
[15632]	58.523500
[11372]	59.219929
[14875]	59.245253
[15051]	59.799666
[15582]	59.866518
[11411]	60.199668
[14458]	60.406953
[10272]	60.663004
[11233]	61.057350
[11391]	61.359596
[10448]	61.725197
[13484]	61.951594
[16476]	62.096699
[10338]	62.353829
[10184]	63.498031
[12845]	63.529521
[14919]	63.796552
[15317]	65.023073
[12087]	65.084560
[12920]	65.099923
[15709]	65.115284
[12888]	65.345237
[16171]	66.030296
[10589]	66.430415
[13032]	66.483081
[15277]	66.573268
[12177]	66.618316
[13799]	66.775744
[11762]	67.416615
[10683]	67.970583
[14797]	68.080834
[14745]	68.731361
[10148]	68.927498
[15584]	68.956508
[16097]	70.057118
[12969]	70.078527
[10329]	70.334913
[13784]	70.349129
[11160]	71.119618
[10950]	71.777434
[10545]	72.180330
[14237]	72.539646
[15210]	72.993150
[13194]	73.171033
[12610]	73.566295
[12615]	73.959449
[13692]	74.337070
[13768]	74.505033
[13543]	74.632433
[11588]	74.752926
[13829]	74.819783
[15257]	75.153177
[13162]	75.643903
[10361]	75.835348
[12363]	76.052615
[13710]	76.288925
[12175]	76.328237
[13282]	76.419893
[12709]	76.661595
[14942]	76.915538
[14006]	77.207513
[15282]	77.846001
[12348]	78.076885
[14054]	78.204859
[10280]	78.294317
[14583]	78.555713
[15124]	78.708323
[14474]	78.866977
[12214]	78.943017
[10744]	79.523583
[13196]	79.624118
[16233]	79.655508
[14470]	79.956238
[15245]	80.187283
[15018]	80.647382
[10241]	81.178816
[10405]	81.363381
[11724]	81.963406
[10396]	83.570329
[14738]	83.606221
[15085]	84.474848
[16268]	85.240834
[14288]	86.116201
[10910]	86.301796
[11447]	86.342341
[15794]	86.931006
[14186]	87.326972
[15147]	87.755343
[15643]	88.572005
[15177]	88.825673
[14125]	88.994381
[14804]	89.179594
[14877]	89.716218
[10728]	89.883258
[11725]	90.066642
[11845]	90.884542
[13964]	91.257875
[15125]	91.553263
[15991]	91.804139
[13109]	92.086917
[14722]	92.336342
[15237]	92.714616
[14131]	92.757749
[11941]	92.940843
[12822]	93.112833
[14992]	93.375586
[10482]	93.818975
[15174]	93.834961
[15721]	94.445750
[10139]	94.551572
[10954]	94.646712
[13211]	94.741754
[14692]	94.836701
[13898]	94.978943
[10542]	95.021050
[15153]	95.420124
[10409]	97.149368
[13048]	97.493590
[11535]	97.601229
[15868]	98.295473
[10558]	98.376828
[13344]	98.640762
[13767]	99.111048
[15566]	99.398189
[13024]	99.468590
[11525]	99.538937
[10775]	99.949988
[13166]	101.498768
[12728]	101.725120
[10333]	101.941159
[12519]	102.722928
[14231]	103.126135
[12365]	103.276328
[12932]	103.305373
[11492]	103.455304
[14051]	103.778611
[12844]	104.115321
[10878]	104.216122
[14895]	104.297651
[12899]	104.465304
[13121]	104.575332
[15497]	105.000000
[11288]	105.261580
[11468]	105.971696
[15887]	106.442471
[13095]	106.597373
[12704]	108.120303
[13369]	108.226615
[13169]	109.808925
[12719]	109.981818
[11905]	110.607414
[12855]	110.742947
[11671]	111.400180
[13341]	111.812342
[12171]	112.374376
[10929]	113.393121
[10918]	114.131505
[12831]	114.926064
[12268]	116.292733
[10930]	116.756155
[14150]	117.140939
[11699]	117.430831
[10194]	117.711512
[12129]	117.741243
[11711]	119.205707
[12851]	119.260220
[12321]	120.141586
[10247]	120.648251
[11097]	121.391927
[10917]	121.819540
[14627]	122.204744
[15628]	122.372383
[14050]	122.759929
[10640]	123.288280
[11082]	123.300446
[15411]	124.008064
[13900]	125.475097
[10444]	125.499001
[12891]	126.281432
[12708]	127.043301
[13770]	127.687118
[12627]	127.788888
[10275]	127.843655
[10739]	128.499026
[13241]	129.151074
[15618]	129.263297
[11315]	130.709603
[14805]	130.744026
[10225]	131.194512
[11587]	131.590273
[15113]	131.829435
[11867]	132.249764
[13461]	132.815663
[14945]	133.484081
[12878]	136.095556
[15841]	137.127675
[14496]	137.484545
[10647]	138.021740
[10486]	138.784005
[14856]	138.870441
[11833]	138.888442
[14802]	139.337719
[14582]	140.338873
[14109]	140.456399
[13942]	141.442566
[15401]	142.133740
[10416]	142.769044
[12250]	142.951043
[12849]	143.118832
[15049]	143.213130
[15741]	143.363173
[15570]	143.530482
[12343]	144.249783
[14234]	144.443761
[15785]	147.091808
[14543]	147.254881
[14303]	148.452012
[13434]	148.717853
[15862]	148.754832
[12124]	149.485785
[10872]	149.956660
[10658]	151.588258
[12335]	151.608049
[10011]	151.621236
[11301]	151.907867
[12164]	152.233373
[15861]	153.101274
[13983]	155.022579
[12779]	155.672736
[14520]	156.230599
[13541]	159.749804
[11013]	160.909913
[11726]	161.170719
[15374]	161.888847
[15607]	162.880324
[15048]	163.101196
[13043]	163.523699
[11865]	165.345096
[14718]	165.810136
[15627]	167.779617
[15008]	169.254247
[12769]	169.292648
[12853]	169.452058
[13894]	169.705624
[16252]	170.323224
[11308]	170.868370
[12115]	171.245436
[11227]	171.277555
[14256]	171.411787
[14102]	171.767284
[10394]	172.066850
[14819]	173.135787
[11764]	173.404148
[10717]	175.202742
[13068]	175.342525
[12119]	179.265167
[10731]	183.515667
[15579]	183.521113
[11928]	183.695400
[15215]	184.274252
[15554]	184.688928
[14113]	185.790202
[11123]	186.112873
[13625]	188.231239
[11172]	188.348084
[10631]	190.808805
[11471]	191.885386
[14485]	192.535714
[13832]	192.613603
[13002]	193.209727
[13398]	194.935889
[14022]	194.961536
[10926]	197.134470
[13532]	197.377810
[12195]	200.264829
[11695]	201.027361
[14645]	201.603571
[10577]	204.499385
[15074]	206.857437
[12511]	207.354768
[10779]	207.629479
[10141]	208.614480
[16306]	211.679002
[11075]	212.113177
[14120]	213.997666
[14704]	216.457848
[10758]	219.089026
[11519]	219.260116
[11076]	222.258861
[11550]	228.646016
[12553]	229.298932
[16091]	229.678039
[11170]	230.581873
[12180]	231.754180
[11793]	235.563155
[11470]	236.740367
[10210]	240.287331
[11070]	242.392244
[14081]	243.277619
[12915]	243.565186
[10608]	244.233495
[12492]	248.559849
[10268]	248.799121
[12244]	250.523455
[14275]	250.595289
[11052]	251.793566
[11274]	252.398492
[13388]	253.308118
[14254]	254.750859
[16293]	255.609077
[12239]	256.951359
[10146]	258.429872
[10970]	258.702535
[11844]	261.457449
[14924]	263.070333
[16173]	265.292289
[13034]	267.235855
[11126]	267.338739
[13933]	269.710956
[14960]	271.753562
[16133]	273.076915
[10150]	274.758075
[14905]	275.880404
[16218]	276.673087
[16242]	278.956981
[11187]	279.467351
[11332]	282.152437
[10287]	287.233355
[11654]	288.695343
[16078]	288.704001
[13306]	288.818282
[10245]	289.240380
[13602]	294.896597
[12472]	297.744857
[12807]	303.143535
[10154]	304.171007
[11534]	306.370689
[14092]	311.595892
[10559]	312.358768
[14487]	317.250690
[14637]	317.513783
[11950]	321.813611
[13459]	321.858662
[11888]	322.147482
[11185]	325.570264
[14222]	325.668539
[14879]	328.167640
[14299]	329.769617
[12389]	331.896075
[10162]	333.184638
[11907]	334.720784
[11445]	334.880575
[10304]	336.562025
[12012]	337.641830
[14588]	338.759502
[11488]	339.506999
[10157]	347.387396
[15022]	351.008540
[14842]	360.113878
[13943]	365.860633
[12007]	366.107911
[14709]	368.249919
[10621]	370.112146
[15478]	377.499663
[10716]	379.283535
[14278]	380.018421
[14674]	380.473386
[10661]	388.538289
[12101]	389.075828
[11869]	390.223021
[10676]	390.499687
[11336]	397.900747
[11027]	399.898740
[15626]	402.276017
[10540]	403.022338
[13290]	403.881171
[15167]	409.162564
[13105]	414.955425
[16101]	414.995185
[11778]	421.621871
[15192]	422.746972
[11731]	430.762122
[14794]	433.877856
[16115]	434.040325
[14228]	434.430668
[13139]	437.253933
[11980]	441.968335
[11577]	446.128907
[15389]	450.093330
[15380]	450.936803
[12184]	451.417771
[11164]	452.663230
[13370]	458.284846
[11150]	460.526866
[16163]	460.732026
[13347]	460.786296
[13184]	462.804488
[13076]	466.098702
[13289]	468.403679
[14314]	470.268009
[14952]	475.536539
[10696]	476.694865
[15718]	480.978160
[10754]	483.072456
[14259]	483.135587
[15041]	486.222178
[10561]	492.292596
[14918]	497.626366
[13127]	499.919999
[14207]	503.284209
[11413]	503.855133
[12819]	509.894111
[11617]	510.278355
[16477]	530.050006
[12223]	532.976560
[13243]	537.114507
[12156]	546.872924
[14716]	549.539800
[15567]	556.444072
[14828]	561.908357
[10155]	567.023803
[13377]	568.805758
[16263]	574.024384
[12397]	579.347056
[12520]	585.751658
[12051]	592.395138
[14849]	600.289089
[11290]	600.726227
[15402]	602.615130
[11337]	607.000824
[10469]	607.065071
[13594]	607.407606
[11982]	614.802400
[11537]	617.497361
[16304]	631.965193
[10136]	636.443252
[10170]	642.505267
[13218]	646.901847
[14698]	654.266001
[11555]	657.522623
[11203]	664.611173
[12280]	677.801587
[16085]	683.847936
[15023]	688.955732
[10312]	689.760842
[15595]	695.475367
[14633]	710.737635
[13433]	710.942317
[10685]	712.776262
[10877]	740.143229
[11122]	740.653773
[11111]	744.420569
[14098]	747.234912
[11049]	752.994029
[12991]	760.950077
[13502]	773.029743
[12026]	776.028367
[12898]	776.240942
[11067]	778.326406
[15295]	779.780727
[13970]	781.034582
[13795]	796.949179
[16215]	811.653867
[12544]	820.893400
[12265]	826.788958
[12951]	835.638080
[13873]	846.232827
[13694]	851.999979
[10911]	857.197172
[11444]	867.306174
[15058]	874.191619
[11612]	880.393107
[11898]	882.255070
[13277]	882.442066
[11244]	886.336279
[11648]	887.317287
[14711]	889.236770
[15027]	902.664395
[15513]	904.181408
[10517]	906.972992
[13269]	908.498747
[14457]	908.909223
[14824]	916.528232
[14025]	930.232222
[13476]	945.292533
[10521]	947.591690
[15070]	949.778911
[11915]	975.438363
[15323]	983.505465
[14489]	985.667306
[12003]	1006.558474
[12693]	1007.736070
[10415]	1012.051394
[12094]	1021.648655
[12402]	1036.238408
[15455]	1037.311922
[11641]	1044.471144
[10747]	1060.037735
[11563]	1072.514810
[13952]	1072.981839
[13422]	1076.962395
[11146]	1085.549611
[13560]	1096.051566
[13408]	1109.109571
[14210]	1118.175299
[10638]	1122.243302
[10357]	1126.783924
[12917]	1133.591652
[10581]	1144.295844
[10244]	1147.929888
[13029]	1148.341413
[13360]	1151.507707
[14012]	1164.577176
[13486]	1174.802980
[12699]	1181.913711
[10575]	1194.286416
[10752]	1198.403958
[10732]	1199.136342
[11977]	1204.073935
[15013]	1211.455323
[11921]	1216.490459
[10627]	1221.852306
[11953]	1264.117896
[10408]	1267.790210
[13061]	1271.677996
[14681]	1290.899693
[13367]	1317.324561
[13264]	1356.825707
[11118]	1376.522779
[14512]	1376.865992
[12441]	1385.606023
[14252]	1396.126415
[10434]	1396.987835
[12523]	1399.438089
[12884]	1406.995746
[11503]	1408.857721
[10372]	1420.533008
[10846]	1421.622667
[11252]	1437.472795
[11625]	1450.286896
[14108]	1460.152711
[13256]	1462.394633
[16232]	1474.921719
[15258]	1487.555015
[15092]	1498.212602
[10431]	1499.201466
[14717]	1503.119112
[10185]	1532.188628
[10781]	1541.220283
[12395]	1562.629182
[15624]	1596.637102
[11369]	1602.254637
[14574]	1603.255447
[13165]	1608.556793
[10990]	1619.281924
[10208]	1627.683343
[14814]	1652.008748
[10551]	1666.790918
[11651]	1671.716158
[13514]	1688.370254
[14689]	1698.531138
[14783]	1726.863083
[10666]	1736.971764
[14955]	1745.830175
[10620]	1804.980639
[16149]	1808.844354
[10135]	1817.901560
[12448]	1819.213826
[12966]	1819.588146
[11624]	1862.738844
[15356]	1866.355241
[14696]	1886.468915
[12986]	1900.213697
[14153]	1908.415538
[11140]	1919.109205
[10279]	1967.461819
[12651]	2006.743660
[12206]	2014.335580
[11868]	2032.731919
[15249]	2042.663965
[11721]	2049.220836
[16042]	2062.313242
[12990]	2067.921195
[10980]	2072.042449
[14739]	2072.044184
[11603]	2096.439818
[11637]	2100.848122
[13518]	2125.877192
[11775]	2134.999048
[12323]	2175.225957
[11481]	2192.420366
[12010]	2209.117446
[15084]	2226.746538
[10590]	2240.232144
[11435]	2262.175944
[15306]	2313.480290
[12169]	2329.010770
[16321]	2340.213665
[10785]	2351.091689
[10711]	2365.692696
[14677]	2381.974164
[12073]	2408.708810
[11638]	2413.514046
[11823]	2421.105094
[11988]	2447.646237
[11455]	2509.330211
[10411]	2531.630305
[12217]	2552.402820
[10849]	2557.378083
[13156]	2718.262715
[11109]	2741.841937
[13158]	2771.876651
[11973]	2790.161286
[14986]	2797.924945
[12982]	2832.303462
[14082]	2841.750153
[12896]	2849.398588
[15919]	2861.790315
[14066]	2921.592072
[10868]	2944.793171
[10158]	2950.292189
[14309]	2956.368361
[15024]	2958.773118
[10874]	2970.919555
[12391]	3018.791145
[11003]	3047.999392
[12143]	3162.626750
[11630]	3203.622567
[13230]	3208.258086
[14193]	3208.529538
[14286]	3246.152549
[14838]	3269.393810
[13577]	3274.500115
[14321]	3332.156059
[12945]	3518.677369
[12016]	3585.550354
[12278]	3784.212416
[13605]	3802.593610
[13180]	3856.953150
[12992]	4043.407474
[11995]	4061.338474
[13485]	4069.134605
[15412]	4135.798835
[12277]	4147.276215
[13296]	4219.529609
[10466]	4260.275024
[12758]	4263.088083
[11996]	4271.487790
[14293]	4319.549977
[11874]	4487.833858
[11760]	4557.159724
[14685]	4565.082694
[11267]	4592.221612
[16257]	4689.535989
[14576]	4772.203123
[12954]	4789.278286
[14832]	4835.558452
[15096]	4839.654785
[14312]	4850.838572
[14262]	4926.192098
[14112]	4992.461517
[13744]	5171.683152
[11423]	5237.908832
[10292]	5249.269035
[10920]	5494.412126
[10257]	5568.090415
[11884]	5576.598920
[10713]	5673.259717
[16217]	5793.914970
[11986]	5818.053830
[15370]	5832.103415
[12197]	5841.509464
[11540]	5962.087593
[10599]	5971.590015
[13931]	6019.300318
[14307]	6334.011711
[14524]	6541.880064
[15376]	6606.776279
[14570]	6914.021223
[10994]	6941.783838
[13851]	7070.802028
[16229]	7074.271858
[13252]	7307.408143
[14761]	7339.165849
[13830]	7468.770413
[13871]	7863.491715
[10140]	7900.754521
[13891]	7921.903153
[10792]	8016.381949
[12451]	8362.157446
[14730]	8516.389025
[10299]	8796.321852
[10800]	8890.993265
[12972]	9245.356207
[10529]	9817.894619
[11032]	9900.531354
[13244]	10621.327200
[13342]	11289.317428
[11066]	11364.283983
[14027]	11552.073404
[14908]	11588.435486
[11193]	11756.168083
[14843]	12114.066027
[14893]	12349.999730
[11042]	12666.173337
[14122]	13010.478013
[14683]	13165.257707
[14635]	13665.529298
[13198]	13869.240506
[14831]	13870.523247
[12339]	14030.566926
[14492]	14513.300090
[16271]	14528.729898
[13495]	15029.511758
[12173]	15774.049892
[12191]	15786.303486
[13796]	15876.012174
[11259]	16271.514708
[15016]	16280.617025
[10423]	16324.357470
[10693]	17811.142541
[14057]	18246.224309
[14679]	19046.125301
[13232]	20694.864841
[15304]	21218.484017
[11278]	21912.059114
[14869]	22831.175689
[12953]	23052.226805
[10821]	23382.607870
[12264]	25205.205607
[14100]	27426.173204
[11433]	30998.180489
[10721]	31553.723379
[11697]	32585.088716
[13487]	33140.425382
[14747]	33550.444077
[14107]	34540.189698
[11057]	35371.227022
[13204]	36126.453120
[14771]	37274.650115
[12266]	37287.486434
[12889]	37674.310179
[11618]	39386.698278
[13303]	42378.880778
[11292]	43789.976911
[12478]	45695.120124
[11298]	49047.831318
[13930]	54834.664815
[12892]	57102.897694
[10397]	65835.393743
