[10009]	1.000000
[10016]	1.000000
[10031]	1.000000
[10042]	1.000000
[10085]	1.000000
[10122]	1.000000
[10144]	1.000000
[10148]	1.000000
[10166]	1.000000
[10175]	1.000000
[10205]	1.000000
[10209]	1.000000
[10224]	1.000000
[10237]	1.000000
[10275]	1.000000
[10280]	1.000000
[10361]	1.000000
[10374]	1.000000
[10386]	1.000000
[10400]	1.000000
[10435]	1.000000
[10448]	1.000000
[10460]	1.000000
[10478]	1.000000
[10486]	1.000000
[10503]	1.000000
[10504]	1.000000
[10511]	1.000000
[10531]	1.000000
[10536]	1.000000
[10542]	1.000000
[10545]	1.000000
[10555]	1.000000
[10556]	1.000000
[10569]	1.000000
[10591]	1.000000
[10613]	1.000000
[10617]	1.000000
[10658]	1.000000
[10674]	1.000000
[10710]	1.000000
[10728]	1.000000
[10762]	1.000000
[10778]	1.000000
[10790]	1.000000
[10872]	1.000000
[10878]	1.000000
[10897]	1.000000
[10900]	1.000000
[10923]	1.000000
[10927]	1.000000
[10938]	1.000000
[10942]	1.000000
[10945]	1.000000
[10952]	1.000000
[10961]	1.000000
[10965]	1.000000
[10967]	1.000000
[10992]	1.000000
[11000]	1.000000
[11004]	1.000000
[11024]	1.000000
[11030]	1.000000
[11031]	1.000000
[11036]	1.000000
[11050]	1.000000
[11063]	1.000000
[11064]	1.000000
[11082]	1.000000
[11138]	1.000000
[11160]	1.000000
[11180]	1.000000
[11194]	1.000000
[11197]	1.000000
[11198]	1.000000
[11204]	1.000000
[11216]	1.000000
[11218]	1.000000
[11225]	1.000000
[11230]	1.000000
[11241]	1.000000
[11245]	1.000000
[11253]	1.000000
[11280]	1.000000
[11282]	1.000000
[11295]	1.000000
[11344]	1.000000
[11367]	1.000000
[11372]	1.000000
[11391]	1.000000
[11392]	1.000000
[11394]	1.000000
[11396]	1.000000
[11410]	1.000000
[11418]	1.000000
[11434]	1.000000
[11459]	1.000000
[11463]	1.000000
[11473]	1.000000
[11484]	1.000000
[11493]	1.000000
[11497]	1.000000
[11512]	1.000000
[11517]	1.000000
[11526]	1.000000
[11531]	1.000000
[11538]	1.000000
[11545]	1.000000
[11636]	1.000000
[11671]	1.000000
[11675]	1.000000
[11699]	1.000000
[11700]	1.000000
[11714]	1.000000
[11716]	1.000000
[11720]	1.000000
[11724]	1.000000
[11728]	1.000000
[11730]	1.000000
[11773]	1.000000
[11883]	1.000000
[11893]	1.000000
[11910]	1.000000
[11938]	1.000000
[11945]	1.000000
[11947]	1.000000
[11954]	1.000000
[11966]	1.000000
[11971]	1.000000
[12068]	1.000000
[12132]	1.000000
[12136]	1.000000
[12147]	1.000000
[12149]	1.000000
[12174]	1.000000
[12177]	1.000000
[12190]	1.000000
[12193]	1.000000
[12222]	1.000000
[12245]	1.000000
[12252]	1.000000
[12253]	1.000000
[12255]	1.000000
[12287]	1.000000
[12315]	1.000000
[12370]	1.000000
[12375]	1.000000
[12455]	1.000000
[12509]	1.000000
[12591]	1.000000
[12595]	1.000000
[12625]	1.000000
[12627]	1.000000
[12663]	1.000000
[12681]	1.000000
[12684]	1.000000
[12705]	1.000000
[12721]	1.000000
[12782]	1.000000
[12785]	1.000000
[12789]	1.000000
[12824]	1.000000
[12846]	1.000000
[12849]	1.000000
[12857]	1.000000
[12863]	1.000000
[12869]	1.000000
[12876]	1.000000
[12888]	1.000000
[12891]	1.000000
[12933]	1.000000
[12934]	1.000000
[12969]	1.000000
[12983]	1.000000
[13008]	1.000000
[13010]	1.000000
[13016]	1.000000
[13046]	1.000000
[13047]	1.000000
[13048]	1.000000
[13051]	1.000000
[13055]	1.000000
[13095]	1.000000
[13115]	1.000000
[13166]	1.000000
[13169]	1.000000
[13176]	1.000000
[13177]	1.000000
[13182]	1.000000
[13200]	1.000000
[13203]	1.000000
[13226]	1.000000
[13246]	1.000000
[13255]	1.000000
[13261]	1.000000
[13292]	1.000000
[13299]	1.000000
[13322]	1.000000
[13331]	1.000000
[13348]	1.000000
[13359]	1.000000
[13399]	1.000000
[13463]	1.000000
[13504]	1.000000
[13505]	1.000000
[13520]	1.000000
[13525]	1.000000
[13536]	1.000000
[13540]	1.000000
[13564]	1.000000
[13574]	1.000000
[13592]	1.000000
[13599]	1.000000
[13628]	1.000000
[13654]	1.000000
[13658]	1.000000
[13660]	1.000000
[13680]	1.000000
[13692]	1.000000
[13704]	1.000000
[13714]	1.000000
[13726]	1.000000
[13757]	1.000000
[13784]	1.000000
[13788]	1.000000
[13792]	1.000000
[13799]	1.000000
[13812]	1.000000
[13826]	1.000000
[13827]	1.000000
[13828]	1.000000
[13829]	1.000000
[13850]	1.000000
[13853]	1.000000
[13854]	1.000000
[13856]	1.000000
[13865]	1.000000
[13888]	1.000000
[13890]	1.000000
[13954]	1.000000
[14003]	1.000000
[14006]	1.000000
[14013]	1.000000
[14030]	1.000000
[14051]	1.000000
[14065]	1.000000
[14091]	1.000000
[14101]	1.000000
[14110]	1.000000
[14167]	1.000000
[14190]	1.000000
[14196]	1.000000
[14197]	1.000000
[14236]	1.000000
[14239]	1.000000
[14255]	1.000000
[14303]	1.000000
[14332]	1.000000
[14380]	1.000000
[14408]	1.000000
[14424]	1.000000
[14431]	1.000000
[14451]	1.000000
[14458]	1.000000
[14470]	1.000000
[14475]	1.000000
[14488]	1.000000
[14510]	1.000000
[14534]	1.000000
[14537]	1.000000
[14559]	1.000000
[14583]	1.000000
[14587]	1.000000
[14601]	1.000000
[14630]	1.000000
[14631]	1.000000
[14639]	1.000000
[14646]	1.000000
[14655]	1.000000
[14686]	1.000000
[14695]	1.000000
[14713]	1.000000
[14733]	1.000000
[14749]	1.000000
[14750]	1.000000
[14753]	1.000000
[14764]	1.000000
[14785]	1.000000
[14812]	1.000000
[14845]	1.000000
[14853]	1.000000
[14855]	1.000000
[14897]	1.000000
[14927]	1.000000
[14938]	1.000000
[14943]	1.000000
[14965]	1.000000
[14972]	1.000000
[14991]	1.000000
[14992]	1.000000
[14993]	1.000000
[14996]	1.000000
[15052]	1.000000
[15053]	1.000000
[15060]	1.000000
[15063]	1.000000
[15090]	1.000000
[15091]	1.000000
[15115]	1.000000
[15127]	1.000000
[15129]	1.000000
[15130]	1.000000
[15138]	1.000000
[15154]	1.000000
[15163]	1.000000
[15183]	1.000000
[15220]	1.000000
[15221]	1.000000
[15232]	1.000000
[15235]	1.000000
[15250]	1.000000
[15276]	1.000000
[15278]	1.000000
[15317]	1.000000
[15344]	1.000000
[15363]	1.000000
[15372]	1.000000
[15381]	1.000000
[15382]	1.000000
[15383]	1.000000
[15399]	1.000000
[15408]	1.000000
[15411]	1.000000
[15422]	1.000000
[15440]	1.000000
[15446]	1.000000
[15454]	1.000000
[15457]	1.000000
[15462]	1.000000
[15477]	1.000000
[15481]	1.000000
[15483]	1.000000
[15498]	1.000000
[15502]	1.000000
[15504]	1.000000
[15532]	1.000000
[15548]	1.000000
[15561]	1.000000
[15584]	1.000000
[15603]	1.000000
[15615]	1.000000
[15632]	1.000000
[15643]	1.000000
[15649]	1.000000
[15656]	1.000000
[15754]	1.000000
[15774]	1.000000
[15793]	1.000000
[15825]	1.000000
[15855]	1.000000
[15856]	1.000000
[15868]	1.000000
[15872]	1.000000
[15879]	1.000000
[15885]	1.000000
[15934]	1.000000
[15946]	1.000000
[15950]	1.000000
[15973]	1.000000
[15978]	1.000000
[15994]	1.000000
[16050]	1.000000
[16156]	1.000000
[16171]	1.000000
[16172]	1.000000
[16174]	1.000000
[16175]	1.000000
[16179]	1.000000
[16208]	1.000000
[16254]	1.000000
[16261]	1.000000
[16322]	1.000000
[16326]	1.000000
[16345]	1.000000
[16426]	1.000000
[16454]	1.000000
[16476]	1.000000
[16519]	1.000000
[16526]	1.000000
[16560]	1.000000
[16575]	1.000000
[16588]	1.000000
[16599]	1.000000
[16634]	1.000000
[16646]	1.000000
[16647]	1.000000
[16668]	1.000000
[16710]	1.000000
[16754]	1.000000
[16758]	1.000000
[16760]	1.000000
[16761]	1.000000
[16762]	1.000000
[10005]	2.000000
[10033]	2.000000
[10164]	2.000000
[10165]	2.000000
[10172]	2.000000
[10181]	2.000000
[10221]	2.000000
[10243]	2.000000
[10261]	2.000000
[10272]	2.000000
[10278]	2.000000
[10300]	2.000000
[10310]	2.000000
[10322]	2.000000
[10414]	2.000000
[10427]	2.000000
[10480]	2.000000
[10482]	2.000000
[10568]	2.000000
[10678]	2.000000
[10697]	2.000000
[10817]	2.000000
[10838]	2.000000
[10857]	2.000000
[10884]	2.000000
[10910]	2.000000
[10925]	2.000000
[10929]	2.000000
[10950]	2.000000
[10954]	2.000000
[10971]	2.000000
[11007]	2.000000
[11015]	2.000000
[11052]	2.000000
[11053]	2.000000
[11070]	2.000000
[11075]	2.000000
[11085]	2.000000
[11086]	2.000000
[11092]	2.000000
[11097]	2.000000
[11098]	2.000000
[11108]	2.000000
[11135]	2.000000
[11165]	2.000000
[11215]	2.000000
[11283]	2.000000
[11299]	2.000000
[11308]	2.000000
[11317]	2.000000
[11415]	2.000000
[11430]	2.000000
[11479]	2.000000
[11496]	2.000000
[11511]	2.000000
[11525]	2.000000
[11559]	2.000000
[11582]	2.000000
[11615]	2.000000
[11619]	2.000000
[11627]	2.000000
[11656]	2.000000
[11695]	2.000000
[11719]	2.000000
[11732]	2.000000
[11793]	2.000000
[11859]	2.000000
[11867]	2.000000
[11871]	2.000000
[11879]	2.000000
[11905]	2.000000
[11908]	2.000000
[11928]	2.000000
[11931]	2.000000
[11961]	2.000000
[12018]	2.000000
[12066]	2.000000
[12124]	2.000000
[12141]	2.000000
[12155]	2.000000
[12180]	2.000000
[12207]	2.000000
[12211]	2.000000
[12247]	2.000000
[12263]	2.000000
[12314]	2.000000
[12347]	2.000000
[12365]	2.000000
[12369]	2.000000
[12388]	2.000000
[12412]	2.000000
[12436]	2.000000
[12519]	2.000000
[12559]	2.000000
[12633]	2.000000
[12773]	2.000000
[12798]	2.000000
[12832]	2.000000
[12845]	2.000000
[12854]	2.000000
[12866]	2.000000
[12886]	2.000000
[12902]	2.000000
[12920]	2.000000
[12938]	2.000000
[12956]	2.000000
[13003]	2.000000
[13043]	2.000000
[13081]	2.000000
[13111]	2.000000
[13125]	2.000000
[13162]	2.000000
[13194]	2.000000
[13195]	2.000000
[13241]	2.000000
[13307]	2.000000
[13344]	2.000000
[13381]	2.000000
[13424]	2.000000
[13484]	2.000000
[13490]	2.000000
[13532]	2.000000
[13535]	2.000000
[13543]	2.000000
[13604]	2.000000
[13629]	2.000000
[13655]	2.000000
[13682]	2.000000
[13689]	2.000000
[13700]	2.000000
[13731]	2.000000
[13862]	2.000000
[13900]	2.000000
[13968]	2.000000
[13998]	2.000000
[14186]	2.000000
[14218]	2.000000
[14229]	2.000000
[14250]	2.000000
[14254]	2.000000
[14270]	2.000000
[14306]	2.000000
[14435]	2.000000
[14477]	2.000000
[14496]	2.000000
[14533]	2.000000
[14535]	2.000000
[14539]	2.000000
[14648]	2.000000
[14691]	2.000000
[14706]	2.000000
[14721]	2.000000
[14722]	2.000000
[14745]	2.000000
[14751]	2.000000
[14781]	2.000000
[14807]	2.000000
[14863]	2.000000
[14924]	2.000000
[14945]	2.000000
[15012]	2.000000
[15048]	2.000000
[15051]	2.000000
[15054]	2.000000
[15057]	2.000000
[15061]	2.000000
[15125]	2.000000
[15160]	2.000000
[15237]	2.000000
[15277]	2.000000
[15385]	2.000000
[15401]	2.000000
[15406]	2.000000
[15448]	2.000000
[15530]	2.000000
[15566]	2.000000
[15582]	2.000000
[15598]	2.000000
[15601]	2.000000
[15607]	2.000000
[15627]	2.000000
[16083]	2.000000
[16253]	2.000000
[16310]	2.000000
[16525]	2.000000
[16540]	2.000000
[16542]	2.000000
[10011]	3.000000
[10162]	3.000000
[10198]	3.000000
[10210]	3.000000
[10287]	3.000000
[10349]	3.000000
[10394]	3.000000
[10409]	3.000000
[10419]	3.000000
[10535]	3.000000
[10557]	3.000000
[10577]	3.000000
[10589]	3.000000
[10696]	3.000000
[10716]	3.000000
[10717]	3.000000
[10730]	3.000000
[10731]	3.000000
[10739]	3.000000
[10744]	3.000000
[10746]	3.000000
[10758]	3.000000
[10918]	3.000000
[10933]	3.000000
[11099]	3.000000
[11172]	3.000000
[11185]	3.000000
[11214]	3.000000
[11315]	3.000000
[11417]	3.000000
[11431]	3.000000
[11441]	3.000000
[11447]	3.000000
[11470]	3.000000
[11487]	3.000000
[11519]	3.000000
[11564]	3.000000
[11592]	3.000000
[11684]	3.000000
[11762]	3.000000
[11865]	3.000000
[11888]	3.000000
[11924]	3.000000
[11997]	3.000000
[12115]	3.000000
[12127]	3.000000
[12129]	3.000000
[12164]	3.000000
[12175]	3.000000
[12363]	3.000000
[12494]	3.000000
[12553]	3.000000
[12587]	3.000000
[12621]	3.000000
[12649]	3.000000
[12653]	3.000000
[12720]	3.000000
[12772]	3.000000
[12815]	3.000000
[12882]	3.000000
[13024]	3.000000
[13072]	3.000000
[13087]	3.000000
[13243]	3.000000
[13415]	3.000000
[13472]	3.000000
[13501]	3.000000
[13507]	3.000000
[13602]	3.000000
[13693]	3.000000
[13863]	3.000000
[13943]	3.000000
[13964]	3.000000
[13984]	3.000000
[14046]	3.000000
[14088]	3.000000
[14113]	3.000000
[14119]	3.000000
[14150]	3.000000
[14182]	3.000000
[14231]	3.000000
[14237]	3.000000
[14268]	3.000000
[14493]	3.000000
[14561]	3.000000
[14577]	3.000000
[14582]	3.000000
[14645]	3.000000
[14692]	3.000000
[14704]	3.000000
[14736]	3.000000
[14797]	3.000000
[14819]	3.000000
[14871]	3.000000
[14875]	3.000000
[14877]	3.000000
[15008]	3.000000
[15020]	3.000000
[15081]	3.000000
[15113]	3.000000
[15147]	3.000000
[15171]	3.000000
[15174]	3.000000
[15210]	3.000000
[15215]	3.000000
[15231]	3.000000
[15343]	3.000000
[15458]	3.000000
[15569]	3.000000
[15725]	3.000000
[15853]	3.000000
[16097]	3.000000
[16218]	3.000000
[16233]	3.000000
[16242]	3.000000
[16268]	3.000000
[16390]	3.000000
[16428]	3.000000
[16567]	3.000000
[10150]	4.000000
[10204]	4.000000
[10333]	4.000000
[10338]	4.000000
[10562]	4.000000
[10615]	4.000000
[10631]	4.000000
[10654]	4.000000
[10783]	4.000000
[10877]	4.000000
[11013]	4.000000
[11164]	4.000000
[11170]	4.000000
[11233]	4.000000
[11290]	4.000000
[11301]	4.000000
[11399]	4.000000
[11421]	4.000000
[11453]	4.000000
[11456]	4.000000
[11522]	4.000000
[11587]	4.000000
[11588]	4.000000
[11643]	4.000000
[11646]	4.000000
[11725]	4.000000
[11827]	4.000000
[11950]	4.000000
[12051]	4.000000
[12101]	4.000000
[12119]	4.000000
[12134]	4.000000
[12472]	4.000000
[12511]	4.000000
[12598]	4.000000
[12671]	4.000000
[12728]	4.000000
[12841]	4.000000
[12915]	4.000000
[12932]	4.000000
[12947]	4.000000
[13032]	4.000000
[13211]	4.000000
[13282]	4.000000
[13297]	4.000000
[13306]	4.000000
[13464]	4.000000
[13467]	4.000000
[13546]	4.000000
[13618]	4.000000
[13619]	4.000000
[13672]	4.000000
[13785]	4.000000
[13832]	4.000000
[13933]	4.000000
[13983]	4.000000
[14054]	4.000000
[14062]	4.000000
[14282]	4.000000
[14299]	4.000000
[14320]	4.000000
[14467]	4.000000
[14520]	4.000000
[14543]	4.000000
[14672]	4.000000
[14792]	4.000000
[14942]	4.000000
[14987]	4.000000
[15256]	4.000000
[15260]	4.000000
[15380]	4.000000
[15581]	4.000000
[15991]	4.000000
[16016]	4.000000
[16293]	4.000000
[16306]	4.000000
[16719]	4.000000
[10141]	5.000000
[10298]	5.000000
[10608]	5.000000
[10630]	5.000000
[10779]	5.000000
[10819]	5.000000
[10982]	5.000000
[11126]	5.000000
[11274]	5.000000
[11288]	5.000000
[11413]	5.000000
[11468]	5.000000
[11471]	5.000000
[11488]	5.000000
[11495]	5.000000
[11548]	5.000000
[11654]	5.000000
[11789]	5.000000
[11790]	5.000000
[11834]	5.000000
[11952]	5.000000
[12235]	5.000000
[12250]	5.000000
[12335]	5.000000
[12389]	5.000000
[12402]	5.000000
[12520]	5.000000
[12635]	5.000000
[12638]	5.000000
[12737]	5.000000
[12987]	5.000000
[12991]	5.000000
[13034]	5.000000
[13068]	5.000000
[13109]	5.000000
[13370]	5.000000
[13388]	5.000000
[13715]	5.000000
[13934]	5.000000
[13936]	5.000000
[13947]	5.000000
[14004]	5.000000
[14022]	5.000000
[14120]	5.000000
[14207]	5.000000
[14222]	5.000000
[14228]	5.000000
[14273]	5.000000
[14637]	5.000000
[14674]	5.000000
[14738]	5.000000
[14880]	5.000000
[14919]	5.000000
[15074]	5.000000
[15192]	5.000000
[15236]	5.000000
[15293]	5.000000
[15402]	5.000000
[15567]	5.000000
[15628]	5.000000
[15718]	5.000000
[16166]	5.000000
[16173]	5.000000
[10146]	6.000000
[10157]	6.000000
[10415]	6.000000
[10558]	6.000000
[10647]	6.000000
[10676]	6.000000
[10815]	6.000000
[10930]	6.000000
[11187]	6.000000
[11444]	6.000000
[11731]	6.000000
[11869]	6.000000
[11907]	6.000000
[12125]	6.000000
[12343]	6.000000
[12492]	6.000000
[12610]	6.000000
[12784]	6.000000
[13184]	6.000000
[13218]	6.000000
[13418]	6.000000
[13579]	6.000000
[13676]	6.000000
[13809]	6.000000
[14092]	6.000000
[14109]	6.000000
[14115]	6.000000
[14131]	6.000000
[14256]	6.000000
[14278]	6.000000
[14288]	6.000000
[14794]	6.000000
[14879]	6.000000
[14898]	6.000000
[15177]	6.000000
[15325]	6.000000
[15626]	6.000000
[15841]	6.000000
[15842]	6.000000
[16163]	6.000000
[16178]	6.000000
[16215]	6.000000
[10184]	7.000000
[10244]	7.000000
[10268]	7.000000
[10325]	7.000000
[10444]	7.000000
[10519]	7.000000
[10661]	7.000000
[10917]	7.000000
[10970]	7.000000
[10996]	7.000000
[11028]	7.000000
[11041]	7.000000
[11076]	7.000000
[11534]	7.000000
[11577]	7.000000
[11625]	7.000000
[11628]	7.000000
[11778]	7.000000
[11845]	7.000000
[12012]	7.000000
[12171]	7.000000
[12239]	7.000000
[12244]	7.000000
[12294]	7.000000
[12320]	7.000000
[12641]	7.000000
[12652]	7.000000
[12693]	7.000000
[12755]	7.000000
[12868]	7.000000
[12899]	7.000000
[12957]	7.000000
[13139]	7.000000
[13269]	7.000000
[13347]	7.000000
[13408]	7.000000
[13459]	7.000000
[13768]	7.000000
[13806]	7.000000
[14588]	7.000000
[14842]	7.000000
[14952]	7.000000
[14960]	7.000000
[15022]	7.000000
[15058]	7.000000
[15092]	7.000000
[15124]	7.000000
[15497]	7.000000
[15570]	7.000000
[15595]	7.000000
[15604]	7.000000
[15798]	7.000000
[16101]	7.000000
[16115]	7.000000
[16133]	7.000000
[16263]	7.000000
[10327]	8.000000
[10469]	8.000000
[10561]	8.000000
[11375]	8.000000
[11411]	8.000000
[11617]	8.000000
[11915]	8.000000
[12214]	8.000000
[12748]	8.000000
[13076]	8.000000
[13121]	8.000000
[13290]	8.000000
[13541]	8.000000
[13594]	8.000000
[14012]	8.000000
[14130]	8.000000
[14314]	8.000000
[14487]	8.000000
[14553]	8.000000
[14698]	8.000000
[14824]	8.000000
[14918]	8.000000
[15013]	8.000000
[15030]	8.000000
[15043]	8.000000
[15045]	8.000000
[15257]	8.000000
[15447]	8.000000
[16085]	8.000000
[16443]	8.000000
[10216]	9.000000
[10313]	9.000000
[10396]	9.000000
[10517]	9.000000
[10911]	9.000000
[10926]	9.000000
[11537]	9.000000
[11980]	9.000000
[11982]	9.000000
[12055]	9.000000
[12709]	9.000000
[12819]	9.000000
[13289]	9.000000
[13560]	9.000000
[13694]	9.000000
[13987]	9.000000
[14098]	9.000000
[14210]	9.000000
[14397]	9.000000
[15023]	9.000000
[15041]	9.000000
[15374]	9.000000
[16477]	9.000000
[10154]	10.000000
[10241]	10.000000
[10312]	10.000000
[10405]	10.000000
[10640]	10.000000
[10685]	10.000000
[10775]	10.000000
[11332]	10.000000
[11337]	10.000000
[11369]	10.000000
[11711]	10.000000
[11833]	10.000000
[12156]	10.000000
[12265]	10.000000
[12395]	10.000000
[12615]	10.000000
[12699]	10.000000
[12822]	10.000000
[12844]	10.000000
[12898]	10.000000
[13002]	10.000000
[13196]	10.000000
[13377]	10.000000
[13667]	10.000000
[13710]	10.000000
[14259]	10.000000
[14474]	10.000000
[14489]	10.000000
[14530]	10.000000
[14656]	10.000000
[14905]	10.000000
[15245]	10.000000
[15258]	10.000000
[15282]	10.000000
[15579]	10.000000
[15709]	10.000000
[15721]	10.000000
[16252]	10.000000
[16304]	10.000000
[10171]	11.000000
[10357]	11.000000
[10521]	11.000000
[10683]	11.000000
[11445]	11.000000
[11492]	11.000000
[11535]	11.000000
[12007]	11.000000
[12223]	11.000000
[12280]	11.000000
[12397]	11.000000
[12676]	11.000000
[12851]	11.000000
[12900]	11.000000
[12951]	11.000000
[12966]	11.000000
[13113]	11.000000
[13127]	11.000000
[13295]	11.000000
[13433]	11.000000
[13502]	11.000000
[13625]	11.000000
[13767]	11.000000
[14125]	11.000000
[14485]	11.000000
[14709]	11.000000
[14716]	11.000000
[14717]	11.000000
[14802]	11.000000
[14804]	11.000000
[14886]	11.000000
[15027]	11.000000
[15246]	11.000000
[15794]	11.000000
[15887]	11.000000
[15906]	11.000000
[16128]	11.000000
[10139]	12.000000
[10247]	12.000000
[10752]	12.000000
[11203]	12.000000
[11244]	12.000000
[11376]	12.000000
[11612]	12.000000
[12087]	12.000000
[12268]	12.000000
[12708]	12.000000
[12986]	12.000000
[13422]	12.000000
[14457]	12.000000
[15018]	12.000000
[15389]	12.000000
[15455]	12.000000
[15785]	12.000000
[10225]	13.000000
[11118]	13.000000
[11648]	13.000000
[11988]	13.000000
[12831]	13.000000
[13094]	13.000000
[13369]	13.000000
[13795]	13.000000
[14025]	13.000000
[14739]	13.000000
[14816]	13.000000
[14849]	13.000000
[15306]	13.000000
[15513]	13.000000
[11455]	14.000000
[11941]	14.000000
[12321]	14.000000
[12324]	14.000000
[12704]	14.000000
[12719]	14.000000
[12779]	14.000000
[12853]	14.000000
[12855]	14.000000
[13341]	14.000000
[13476]	14.000000
[13486]	14.000000
[13518]	14.000000
[13942]	14.000000
[13952]	14.000000
[14633]	14.000000
[14805]	14.000000
[14895]	14.000000
[15049]	14.000000
[10056]	15.000000
[10136]	15.000000
[10575]	15.000000
[10638]	15.000000
[11150]	15.000000
[11641]	15.000000
[11651]	15.000000
[12026]	15.000000
[12651]	15.000000
[13165]	15.000000
[15153]	15.000000
[11435]	16.000000
[11555]	16.000000
[12348]	16.000000
[12574]	16.000000
[13264]	16.000000
[13277]	16.000000
[13367]	16.000000
[13770]	16.000000
[14081]	16.000000
[14102]	16.000000
[14234]	16.000000
[15085]	16.000000
[15861]	16.000000
[15862]	16.000000
[10329]	17.000000
[10416]	17.000000
[10627]	17.000000
[10711]	17.000000
[10732]	17.000000
[10754]	17.000000
[10846]	17.000000
[11726]	17.000000
[11977]	17.000000
[12094]	17.000000
[12982]	17.000000
[13434]	17.000000
[13514]	17.000000
[14066]	17.000000
[14252]	17.000000
[14828]	17.000000
[15323]	17.000000
[15741]	17.000000
[10155]	18.000000
[10408]	18.000000
[11252]	18.000000
[11898]	18.000000
[12184]	18.000000
[12544]	18.000000
[12878]	18.000000
[13105]	18.000000
[13360]	18.000000
[13894]	18.000000
[14681]	18.000000
[15295]	18.000000
[15554]	18.000000
[15624]	18.000000
[10170]	19.000000
[10372]	19.000000
[10431]	19.000000
[11122]	19.000000
[11146]	19.000000
[11227]	19.000000
[12073]	19.000000
[12143]	19.000000
[12169]	19.000000
[13398]	19.000000
[14309]	19.000000
[14627]	19.000000
[14711]	19.000000
[14718]	19.000000
[14856]	19.000000
[14955]	19.000000
[10245]	20.000000
[10781]	20.000000
[11503]	20.000000
[11844]	20.000000
[12003]	20.000000
[12277]	20.000000
[12769]	20.000000
[14712]	20.000000
[15070]	20.000000
[16321]	20.000000
[10581]	21.000000
[10621]	21.000000
[11921]	21.000000
[12441]	21.000000
[13256]	21.000000
[14108]	21.000000
[14286]	21.000000
[14677]	21.000000
[11067]	22.000000
[11624]	22.000000
[12195]	22.000000
[14050]	22.000000
[14783]	22.000000
[10666]	23.000000
[11027]	23.000000
[11111]	23.000000
[11123]	23.000000
[11550]	23.000000
[11953]	23.000000
[12448]	23.000000
[12523]	23.000000
[12990]	23.000000
[10411]	24.000000
[11760]	24.000000
[12807]	24.000000
[13156]	24.000000
[16042]	24.000000
[10434]	25.000000
[11049]	25.000000
[11336]	25.000000
[11638]	25.000000
[12010]	25.000000
[14153]	25.000000
[16078]	25.000000
[10990]	26.000000
[16149]	26.000000
[16232]	26.000000
[10620]	27.000000
[11775]	27.000000
[11868]	27.000000
[13744]	27.000000
[15478]	27.000000
[12016]	28.000000
[13029]	28.000000
[14574]	28.000000
[14689]	28.000000
[10208]	29.000000
[10304]	29.000000
[13970]	29.000000
[14838]	29.000000
[10980]	30.000000
[11603]	30.000000
[13461]	30.000000
[15084]	30.000000
[11637]	31.000000
[13898]	31.000000
[15024]	31.000000
[10194]	32.000000
[10559]	32.000000
[10747]	32.000000
[12758]	32.000000
[14986]	32.000000
[10785]	33.000000
[10920]	33.000000
[11109]	33.000000
[12884]	33.000000
[14814]	33.000000
[15356]	33.000000
[10135]	34.000000
[11721]	34.000000
[12917]	34.000000
[13180]	34.000000
[14082]	34.000000
[14275]	34.000000
[14696]	35.000000
[11140]	36.000000
[14293]	36.000000
[11481]	37.000000
[10292]	38.000000
[12323]	38.000000
[13873]	38.000000
[15249]	38.000000
[10279]	39.000000
[10849]	39.000000
[10874]	39.000000
[11764]	39.000000
[11874]	39.000000
[12954]	39.000000
[12972]	39.000000
[15919]	39.000000
[12217]	40.000000
[14512]	40.000000
[13605]	42.000000
[14193]	42.000000
[13577]	43.000000
[14832]	43.000000
[16257]	43.000000
[12206]	44.000000
[13252]	45.000000
[14262]	47.000000
[10158]	48.000000
[14321]	48.000000
[16091]	48.000000
[13830]	49.000000
[15618]	49.000000
[11003]	50.000000
[11823]	50.000000
[12391]	50.000000
[13158]	50.000000
[16217]	50.000000
[14312]	51.000000
[10868]	53.000000
[13061]	55.000000
[13230]	55.000000
[16229]	55.000000
[12992]	56.000000
[13485]	56.000000
[10185]	57.000000
[11032]	58.000000
[12896]	58.000000
[14685]	58.000000
[10540]	59.000000
[10551]	59.000000
[14576]	61.000000
[10713]	62.000000
[11884]	62.000000
[11996]	62.000000
[12278]	62.000000
[12945]	62.000000
[11995]	63.000000
[13296]	63.000000
[15412]	64.000000
[11630]	66.000000
[11267]	68.000000
[11423]	68.000000
[11563]	68.000000
[10466]	71.000000
[10257]	72.000000
[14112]	72.000000
[14307]	73.000000
[15096]	74.000000
[15376]	74.000000
[11973]	75.000000
[11986]	75.000000
[13931]	75.000000
[14524]	79.000000
[12173]	80.000000
[12451]	81.000000
[14570]	81.000000
[10994]	84.000000
[11540]	85.000000
[14908]	85.000000
[15370]	85.000000
[10599]	88.000000
[13891]	90.000000
[10792]	91.000000
[13871]	91.000000
[13851]	93.000000
[14635]	93.000000
[10140]	94.000000
[14893]	98.000000
[10529]	99.000000
[14843]	100.000000
[16271]	102.000000
[14027]	106.000000
[14831]	108.000000
[10590]	110.000000
[10800]	111.000000
[11259]	111.000000
[14679]	112.000000
[13198]	113.000000
[11066]	114.000000
[13342]	114.000000
[14761]	115.000000
[13495]	118.000000
[10299]	120.000000
[12191]	121.000000
[12953]	121.000000
[15016]	121.000000
[11042]	122.000000
[14057]	122.000000
[14492]	125.000000
[11193]	128.000000
[14683]	129.000000
[11278]	131.000000
[10423]	133.000000
[13232]	133.000000
[13796]	133.000000
[15304]	135.000000
[14122]	136.000000
[15167]	137.000000
[10821]	143.000000
[12197]	143.000000
[14869]	143.000000
[12339]	147.000000
[14730]	148.000000
[10693]	155.000000
[14107]	165.000000
[14747]	169.000000
[14100]	173.000000
[13204]	177.000000
[14771]	177.000000
[10721]	178.000000
[11057]	179.000000
[13244]	181.000000
[11433]	182.000000
[11697]	190.000000
[13487]	191.000000
[12889]	193.000000
[12264]	198.000000
[11292]	213.000000
[12266]	220.000000
[12478]	230.000000
[11618]	236.000000
[11298]	244.000000
[13303]	256.000000
[12892]	260.000000
[13930]	263.000000
[10397]	274.000000
