


***Graph Closeness Centrality***

[15937]	0.000010
[11344]	0.000010
[12625]	0.000013
[10585]	0.000018
[11099]	0.000019
[16442]	0.000049
[16764]	0.000055
[12222]	0.000069
[16526]	0.000069
[14945]	0.000113
[14992]	0.000113
[10613]	0.000179
[15855]	0.000179
[14533]	0.003661
[13700]	0.003685
[15221]	0.004345
[13998]	0.005109
[16456]	0.005180
[11351]	0.005296
[12390]	0.005398
[11417]	0.005405
[13771]	0.005431
[13856]	0.005461
[15842]	0.005526
[13784]	0.005689
[11375]	0.005832
[14408]	0.005861
[14845]	0.005870
[14201]	0.005932
[12684]	0.006002
[15872]	0.006073
[15256]	0.006121
[13658]	0.006121
[14733]	0.006345
[14299]	0.006351
[10674]	0.006516
[10435]	0.006603
[13614]	0.006702
[14475]	0.006706
[12832]	0.006734
[13359]	0.006776
[15088]	0.006789
[12067]	0.006874
[12846]	0.006919
[14583]	0.006939
[10929]	0.006956
[12876]	0.006982
[16476]	0.006986
[11459]	0.006998
[11030]	0.007009
[15505]	0.007014
[11724]	0.007022
[11160]	0.007060
[10716]	0.007062
[14380]	0.007080
[15868]	0.007108
[11172]	0.007112
[10280]	0.007116
[14453]	0.007164
[16647]	0.007166
[12681]	0.007167
[13692]	0.007187
[11671]	0.007200
[13826]	0.007227
[12969]	0.007231
[15994]	0.007234
[10480]	0.007239
[13243]	0.007270
[15127]	0.007279
[12520]	0.007283
[12054]	0.007333
[10258]	0.007363
[11945]	0.007391
[10182]	0.007407
[10746]	0.007447
[12849]	0.007469
[15130]	0.007474
[10696]	0.007498
[15277]	0.007509
[14186]	0.007517
[12798]	0.007526
[15237]	0.007540
[10162]	0.007549
[12739]	0.007589
[12115]	0.007592
[15092]	0.007630
[10310]	0.007630
[10338]	0.007652
[11793]	0.007662
[12845]	0.007707
[14645]	0.007717
[11290]	0.007723
[10872]	0.007749
[12472]	0.007757
[15113]	0.007773
[14222]	0.007784
[13162]	0.007791
[10181]	0.007829
[10591]	0.007866
[13602]	0.007881
[13491]	0.007884
[10415]	0.007909
[14686]	0.007919
[14458]	0.007922
[13628]	0.007933
[10244]	0.007933
[10482]	0.007949
[10678]	0.007956
[10503]	0.007961
[10287]	0.007979
[13043]	0.007982
[16763]	0.008001
[14824]	0.008056
[16286]	0.008063
[13251]	0.008074
[13408]	0.008079
[11369]	0.008083
[13532]	0.008093
[12287]	0.008119
[14115]	0.008133
[13757]	0.008143
[12627]	0.008177
[12685]	0.008211
[11715]	0.008217
[12134]	0.008265
[15258]	0.008278
[11455]	0.008293
[14239]	0.008298
[15129]	0.008310
[13087]	0.008338
[11938]	0.008339
[10394]	0.008341
[10150]	0.008359
[11082]	0.008360
[10542]	0.008372
[10209]	0.008389
[15106]	0.008396
[14582]	0.008406
[11216]	0.008413
[14754]	0.008418
[14535]	0.008421
[10971]	0.008421
[12987]	0.008435
[14904]	0.008446
[15566]	0.008448
[15154]	0.008449
[14561]	0.008460
[11655]	0.008477
[14228]	0.008486
[10877]	0.008489
[14496]	0.008534
[14451]	0.008536
[13143]	0.008544
[11914]	0.008561
[10758]	0.008578
[11966]	0.008580
[15215]	0.008596
[14250]	0.008603
[10623]	0.008621
[13472]	0.008638
[10205]	0.008655
[15606]	0.008657
[14101]	0.008666
[11730]	0.008668
[12169]	0.008716
[13574]	0.008722
[14955]	0.008738
[13145]	0.008755
[13564]	0.008767
[13051]	0.008771
[10750]	0.008780
[15604]	0.008796
[10730]	0.008798
[14941]	0.008811
[12395]	0.008816
[13047]	0.008830
[11915]	0.008835
[13943]	0.008842
[15643]	0.008844
[15567]	0.008863
[11716]	0.008866
[12920]	0.008873
[11070]	0.008896
[15718]	0.008920
[12016]	0.008921
[12938]	0.008927
[11625]	0.008942
[12066]	0.008943
[13048]	0.008977
[12101]	0.009009
[12125]	0.009010
[14889]	0.009036
[15402]	0.009038
[13625]	0.009044
[12143]	0.009081
[10608]	0.009101
[11548]	0.009104
[13672]	0.009107
[10545]	0.009125
[15595]	0.009142
[14721]	0.009149
[13900]	0.009150
[11170]	0.009151
[15306]	0.009154
[12957]	0.009163
[11332]	0.009182
[14717]	0.009204
[12595]	0.009210
[13560]	0.009221
[11444]	0.009249
[10237]	0.009257
[11928]	0.009271
[15022]	0.009273
[11488]	0.009283
[15058]	0.009300
[10517]	0.009300
[12699]	0.009303
[12026]	0.009320
[11988]	0.009337
[13694]	0.009339
[15018]	0.009366
[14051]	0.009371
[11418]	0.009389
[11651]	0.009409
[14309]	0.009478
[10568]	0.009515
[12991]	0.009526
[12966]	0.009537
[10357]	0.009539
[16321]	0.009547
[13518]	0.009556
[10884]	0.009557
[10460]	0.009567
[13952]	0.009567
[11118]	0.009568
[14066]	0.009589
[11628]	0.009632
[10752]	0.009637
[15174]	0.009652
[12900]	0.009665
[14691]	0.009674
[14065]	0.009693
[11487]	0.009714
[11517]	0.009726
[14030]	0.009735
[13113]	0.009740
[11924]	0.009744
[13094]	0.009772
[15498]	0.009794
[15825]	0.009798
[13166]	0.009811
[14713]	0.009842
[12277]	0.009862
[14918]	0.009887
[15235]	0.009895
[14695]	0.009946
[10889]	0.009954
[13165]	0.009981
[15115]	0.009997
[11435]	0.010045
[12315]	0.010070
[13156]	0.010072
[16251]	0.010091
[11760]	0.010098
[15885]	0.010099
[11643]	0.010099
[15754]	0.010116
[13812]	0.010132
[10920]	0.010139
[13693]	0.010152
[15052]	0.010156
[15220]	0.010160
[11031]	0.010163
[10970]	0.010176
[10292]	0.010196
[16175]	0.010203
[13744]	0.010241
[11484]	0.010250
[10961]	0.010270
[16261]	0.010315
[12633]	0.010320
[10863]	0.010359
[10165]	0.010364
[16171]	0.010401
[12252]	0.010409
[14749]	0.010443
[12986]	0.010444
[11756]	0.010446
[12972]	0.010463
[10448]	0.010494
[12509]	0.010513
[11194]	0.010529
[16599]	0.010536
[12253]	0.010561
[12051]	0.010577
[15793]	0.010579
[13322]	0.010581
[14938]	0.010589
[11888]	0.010591
[12857]	0.010646
[15008]	0.010684
[16179]	0.010693
[13255]	0.010704
[11282]	0.010717
[11582]	0.010726
[16250]	0.010737
[16345]	0.010741
[10347]	0.010750
[11052]	0.010751
[11656]	0.010764
[11627]	0.010769
[15530]	0.010802
[11367]	0.010805
[12773]	0.010820
[14167]	0.010826
[14229]	0.010841
[16364]	0.010859
[16178]	0.010868
[15483]	0.010873
[15455]	0.010895
[13704]	0.010962
[16758]	0.010966
[16634]	0.010978
[13297]	0.010983
[13504]	0.010985
[15383]	0.011007
[13525]	0.011044
[11015]	0.011064
[11372]	0.011081
[12651]	0.011098
[13520]	0.011102
[13169]	0.011115
[10658]	0.011128
[16096]	0.011178
[11950]	0.011212
[13218]	0.011212
[12347]	0.011218
[13111]	0.011223
[15508]	0.011276
[12402]	0.011291
[10717]	0.011298
[11392]	0.011307
[10486]	0.011316
[11719]	0.011349
[14706]	0.011354
[16253]	0.011417
[12663]	0.011444
[10923]	0.011462
[10615]	0.011473
[10325]	0.011483
[15020]	0.011483
[11564]	0.011508
[11391]	0.011521
[14254]	0.011536
[11445]	0.011555
[16567]	0.011576
[12598]	0.011587
[16268]	0.011593
[13463]	0.011596
[11430]	0.011598
[11185]	0.011603
[14488]	0.011604
[13854]	0.011616
[10396]	0.011617
[12149]	0.011619
[14630]	0.011624
[13654]	0.011627
[16058]	0.011629
[16668]	0.011659
[12982]	0.011709
[11394]	0.011709
[12886]	0.011727
[10148]	0.011737
[12174]	0.011739
[13865]	0.011755
[12869]	0.011756
[12841]	0.011761
[11164]	0.011771
[14125]	0.011779
[15513]	0.011790
[15012]	0.011808
[16310]	0.011843
[11086]	0.011843
[14919]	0.011860
[12782]	0.011863
[11654]	0.011865
[14210]	0.011867
[13799]	0.011868
[13055]	0.011898
[16267]	0.011909
[11215]	0.011910
[11399]	0.011912
[12854]	0.011913
[10042]	0.011931
[15091]	0.011931
[10911]	0.011939
[11245]	0.011942
[13714]	0.011943
[11317]	0.011951
[12228]	0.011957
[13034]	0.011979
[10711]	0.011981
[11845]	0.011987
[12388]	0.012006
[13109]	0.012006
[14102]	0.012016
[15632]	0.012017
[13888]	0.012022
[10575]	0.012022
[14744]	0.012024
[13347]	0.012026
[15278]	0.012031
[12815]	0.012052
[15741]	0.012064
[14278]	0.012088
[13095]	0.012095
[11063]	0.012095
[16254]	0.012098
[12784]	0.012108
[13072]	0.012116
[11301]	0.012146
[11431]	0.012154
[11646]	0.012174
[12492]	0.012185
[12758]	0.012185
[10556]	0.012190
[11180]	0.012198
[13829]	0.012203
[15163]	0.012209
[14631]	0.012213
[14004]	0.012240
[14738]	0.012255
[12785]	0.012262
[15481]	0.012266
[15584]	0.012274
[11036]	0.012282
[12263]	0.012283
[16542]	0.012295
[14477]	0.012295
[13767]	0.012306
[13464]	0.012307
[15856]	0.012328
[10033]	0.012341
[14692]	0.012371
[15440]	0.012381
[11098]	0.012383
[10225]	0.012387
[10878]	0.012404
[10224]	0.012405
[14797]	0.012409
[16443]	0.012416
[12239]	0.012422
[11241]	0.012454
[14270]	0.012474
[14819]	0.012478
[12641]	0.012487
[12844]	0.012491
[16233]	0.012497
[10312]	0.012513
[10444]	0.012521
[12638]	0.012522
[11230]	0.012522
[10569]	0.012540
[11512]	0.012550
[15598]	0.012550
[12175]	0.012566
[10349]	0.012576
[15709]	0.012580
[12635]	0.012587
[10917]	0.012588
[14577]	0.012590
[11463]	0.012600
[14863]	0.012616
[14062]	0.012620
[12173]	0.012631
[14745]	0.012631
[11545]	0.012642
[10005]	0.012652
[16306]	0.012654
[14273]	0.012663
[14849]	0.012667
[15504]	0.012682
[10411]	0.012707
[10617]	0.012713
[14435]	0.012716
[15049]	0.012731
[14805]	0.012733
[11411]	0.012741
[10775]	0.012744
[14286]	0.012746
[14792]	0.012752
[14022]	0.012754
[13830]	0.012759
[11559]	0.012769
[13203]	0.012774
[16173]	0.012784
[15232]	0.012787
[10478]	0.012793
[13806]	0.012797
[11859]	0.012805
[16242]	0.012813
[14207]	0.012815
[13579]	0.012820
[15934]	0.012829
[15785]	0.012830
[13176]	0.012834
[14987]	0.012835
[10016]	0.012837
[12245]	0.012840
[11447]	0.012848
[15231]	0.012856
[10300]	0.012857
[12587]	0.012862
[12610]	0.012868
[10243]	0.012871
[16519]	0.012875
[13505]	0.012885
[10247]	0.012889
[10754]	0.012892
[11908]	0.012893
[11879]	0.012895
[15861]	0.012901
[13862]	0.012926
[10945]	0.012929
[15125]	0.012931
[11997]	0.012936
[14618]	0.012947
[14637]	0.012955
[15385]	0.012959
[15317]	0.012964
[15448]	0.012964
[10640]	0.012964
[11961]	0.012965
[13370]	0.012965
[12866]	0.012979
[13269]	0.012979
[10419]	0.012982
[12127]	0.012987
[13016]	0.013011
[13292]	0.013011
[10139]	0.013027
[10783]	0.013041
[12235]	0.013046
[12990]	0.013056
[11619]	0.013060
[10184]	0.013060
[10661]	0.013062
[16304]	0.013065
[14493]	0.013075
[10278]	0.013075
[13068]	0.013084
[15192]	0.013086
[12519]	0.013087
[11214]	0.013091
[10676]	0.013093
[15628]	0.013101
[14485]	0.013122
[16762]	0.013125
[12177]	0.013135
[11007]	0.013136
[14119]	0.013143
[14722]	0.013145
[16293]	0.013145
[16097]	0.013153
[13592]	0.013156
[13942]	0.013158
[12171]	0.013175
[13618]	0.013177
[16754]	0.013182
[12370]	0.013186
[12553]	0.013191
[14804]	0.013213
[15581]	0.013227
[15013]	0.013229
[12671]	0.013239
[10697]	0.013254
[15084]	0.013255
[12693]	0.013257
[10204]	0.013258
[14838]	0.013259
[14993]	0.013273
[13594]	0.013282
[10011]	0.013286
[11842]	0.013296
[13689]	0.013301
[14879]	0.013302
[14709]	0.013313
[14681]	0.013318
[15246]	0.013324
[15649]	0.013325
[12728]	0.013330
[14677]	0.013332
[10210]	0.013350
[16761]	0.013362
[14739]	0.013370
[15794]	0.013380
[12947]	0.013380
[13619]	0.013388
[10857]	0.013412
[11871]	0.013413
[13424]	0.013417
[10409]	0.013430
[14012]	0.013430
[11511]	0.013436
[14091]	0.013464
[16428]	0.013469
[10938]	0.013477
[13863]	0.013478
[11519]	0.013479
[14218]	0.013497
[12180]	0.013502
[15725]	0.013504
[11720]	0.013513
[12010]	0.013520
[15124]	0.013557
[15027]	0.013560
[16322]	0.013560
[11947]	0.013569
[14886]	0.013573
[11434]	0.013575
[14646]	0.013588
[12214]	0.013591
[12621]	0.013606
[11535]	0.013608
[11941]	0.013609
[12721]	0.013627
[13828]	0.013630
[13002]	0.013638
[14897]	0.013675
[13809]	0.013684
[12268]	0.013688
[10638]	0.013691
[14303]	0.013694
[13241]	0.013708
[12704]	0.013708
[10910]	0.013717
[13536]	0.013725
[15532]	0.013725
[10521]	0.013726
[11295]	0.013729
[13306]	0.013738
[12822]	0.013751
[10630]	0.013752
[11097]	0.013756
[13890]	0.013761
[10511]	0.013766
[15973]	0.013766
[12653]	0.013775
[14046]	0.013780
[15061]	0.013782
[15250]	0.013793
[16477]	0.013794
[14474]	0.013798
[12956]	0.013820
[15991]	0.013822
[10838]	0.013829
[13381]	0.013831
[11299]	0.013847
[15245]	0.013848
[10056]	0.013863
[15282]	0.013865
[16760]	0.013867
[11834]	0.013871
[15057]	0.013874
[15601]	0.013875
[16172]	0.013877
[15063]	0.013886
[15887]	0.013889
[10400]	0.013892
[12195]	0.013899
[11075]	0.013902
[10732]	0.013906
[11522]	0.013914
[11833]	0.013919
[15160]	0.013924
[12141]	0.013930
[13682]	0.013933
[14314]	0.013942
[10275]	0.013954
[15236]	0.013957
[14927]	0.013963
[14231]	0.013967
[10779]	0.013967
[15774]	0.013970
[12720]	0.013971
[11135]	0.013972
[12615]	0.013977
[11126]	0.013978
[14559]	0.013985
[13655]	0.013985
[15841]	0.013987
[12779]	0.013997
[15626]	0.013999
[15344]	0.014001
[14877]	0.014007
[11525]	0.014008
[12737]	0.014015
[15554]	0.014031
[13710]	0.014035
[10846]	0.014042
[14256]	0.014044
[14293]	0.014047
[11053]	0.014057
[14856]	0.014059
[14282]	0.014070
[12819]	0.014087
[10900]	0.014090
[13827]	0.014099
[11244]	0.014101
[11315]	0.014107
[14718]	0.014112
[11227]	0.014124
[12868]	0.014125
[12652]	0.014151
[11197]	0.014153
[13894]	0.014163
[12389]	0.014172
[12211]	0.014176
[16115]	0.014185
[14109]	0.014186
[11952]	0.014188
[14656]	0.014191
[12755]	0.014191
[12853]	0.014201
[12055]	0.014205
[12029]	0.014211
[14470]	0.014216
[14965]	0.014217
[13546]	0.014225
[11790]	0.014228
[12851]	0.014236
[10930]	0.014238
[14236]	0.014263
[15045]	0.014267
[15023]	0.014270
[12705]	0.014275
[15853]	0.014277
[12294]	0.014280
[12863]	0.014286
[15024]	0.014289
[11714]	0.014297
[13180]	0.014297
[13970]	0.014302
[13934]	0.014322
[12164]	0.014336
[14153]	0.014354
[15879]	0.014354
[10298]	0.014356
[15497]	0.014364
[13024]	0.014385
[14237]	0.014386
[12255]	0.014399
[13415]	0.014406
[11910]	0.014412
[14534]	0.014413
[14716]	0.014425
[16085]	0.014426
[12708]	0.014431
[15446]	0.014445
[12769]	0.014452
[10933]	0.014455
[15043]	0.014470
[10954]	0.014478
[16163]	0.014479
[11538]	0.014479
[12772]	0.014485
[16083]	0.014498
[10313]	0.014501
[14082]	0.014503
[14828]	0.014503
[11283]	0.014504
[10157]	0.014509
[15085]	0.014510
[14895]	0.014511
[11865]	0.014512
[15210]	0.014534
[11907]	0.014540
[15030]	0.014544
[16016]	0.014550
[13599]	0.014566
[11868]	0.014569
[12902]	0.014587
[13792]	0.014590
[16540]	0.014590
[14054]	0.014597
[13768]	0.014623
[14816]	0.014625
[13467]	0.014627
[16156]	0.014640
[15458]	0.014640
[14312]	0.014642
[11874]	0.014647
[11789]	0.014649
[10361]	0.014655
[14924]	0.014658
[12136]	0.014664
[13676]	0.014666
[11479]	0.014668
[11085]	0.014669
[12523]	0.014670
[16042]	0.014679
[15171]	0.014684
[11496]	0.014686
[14197]	0.014698
[15048]	0.014710
[10416]	0.014729
[14120]	0.014735
[12676]	0.014735
[11058]	0.014741
[12265]	0.014755
[14832]	0.014756
[13348]	0.014765
[13388]	0.014773
[12343]	0.014774
[14431]	0.014783
[11492]	0.014792
[15862]	0.014795
[13936]	0.014801
[16425]	0.014804
[14006]	0.014806
[16133]	0.014808
[10327]	0.014808
[13252]	0.014816
[10996]	0.014817
[11187]	0.014829
[13629]	0.014836
[15293]	0.014837
[13196]	0.014841
[11002]	0.014845
[15051]	0.014852
[15721]	0.014853
[12132]	0.014853
[10778]	0.014861
[11773]	0.014871
[15548]	0.014871
[14113]	0.014875
[14467]	0.014880
[12649]	0.014880
[10926]	0.014887
[11028]	0.014889
[14268]	0.014897
[11867]	0.014900
[13785]	0.014905
[12018]	0.014908
[15627]	0.014909
[12190]	0.014910
[11415]	0.014913
[13873]	0.014915
[10562]	0.014920
[11732]	0.014922
[11421]	0.014931
[13433]	0.014937
[14088]	0.014939
[10171]	0.014940
[16719]	0.014941
[15260]	0.014952
[13434]	0.014969
[13369]	0.014971
[14543]	0.014975
[10950]	0.014988
[13200]	0.015006
[15257]	0.015010
[12455]	0.015014
[16128]	0.015014
[13832]	0.015014
[14880]	0.015023
[14487]	0.015028
[14942]	0.015031
[12436]	0.015031
[11534]	0.015040
[14843]	0.015044
[14853]	0.015046
[12748]	0.015046
[13964]	0.015047
[10925]	0.015052
[15147]	0.015073
[14712]	0.015076
[11092]	0.015083
[10414]	0.015083
[14943]	0.015089
[13490]	0.015089
[13715]	0.015096
[12882]	0.015110
[11410]	0.015114
[11844]	0.015115
[14234]	0.015116
[13486]	0.015127
[12156]	0.015132
[10122]	0.015136
[13127]	0.015137
[13194]	0.015148
[10589]	0.015184
[11198]	0.015185
[10141]	0.015213
[12280]	0.015214
[12087]	0.015218
[12155]	0.015228
[15579]	0.015237
[13968]	0.015238
[16218]	0.015243
[11550]	0.015247
[12124]	0.015280
[15381]	0.015285
[15153]	0.015288
[14588]	0.015297
[16263]	0.015309
[14672]	0.015310
[11869]	0.015312
[10918]	0.015315
[15041]	0.015317
[13290]	0.015322
[11648]	0.015324
[13418]	0.015326
[16426]	0.015333
[11076]	0.015333
[14539]	0.015334
[13264]	0.015342
[11592]	0.015345
[14736]	0.015345
[15054]	0.015345
[13046]	0.015376
[12363]	0.015393
[10647]	0.015393
[15582]	0.015409
[11531]	0.015410
[11695]	0.015413
[15177]	0.015427
[14674]	0.015430
[10221]	0.015431
[12511]	0.015443
[11470]	0.015444
[10245]	0.015451
[11050]	0.015465
[11013]	0.015474
[14397]	0.015475
[13182]	0.015476
[12129]	0.015480
[13540]	0.015482
[14750]	0.015484
[10631]	0.015485
[14627]	0.015515
[12321]	0.015523
[11827]	0.015533
[11728]	0.015548
[11931]	0.015551
[12375]	0.015553
[13307]	0.015554
[14905]	0.015561
[13256]	0.015569
[10561]	0.015573
[10241]	0.015576
[11336]	0.015579
[14875]	0.015582
[15401]	0.015588
[12003]	0.015597
[15325]	0.015599
[15389]	0.015607
[14698]	0.015624
[13125]	0.015625
[14252]	0.015627
[14489]	0.015629
[10731]	0.015632
[13360]	0.015644
[11252]	0.015649
[12831]	0.015658
[13514]	0.015660
[10272]	0.015662
[15478]	0.015664
[10581]	0.015667
[10374]	0.015676
[14332]	0.015676
[12073]	0.015676
[15525]	0.015685
[13289]	0.015711
[16257]	0.015712
[10170]	0.015712
[16101]	0.015718
[13139]	0.015719
[11032]	0.015724
[15406]	0.015727
[11778]	0.015730
[12719]	0.015753
[11468]	0.015758
[11898]	0.015770
[13295]	0.015783
[16454]	0.015783
[16232]	0.015788
[14871]	0.015791
[12807]	0.015797
[12709]	0.015812
[12412]	0.015820
[10329]	0.015821
[10627]	0.015831
[11615]	0.015833
[15607]	0.015838
[10172]	0.015839
[10405]	0.015844
[14150]	0.015848
[11587]	0.015851
[14457]	0.015864
[14320]	0.015871
[13377]	0.015876
[12855]	0.015885
[11588]	0.015885
[10558]	0.015886
[11471]	0.015887
[13770]	0.015890
[11122]	0.015894
[10819]	0.015905
[11725]	0.015912
[14530]	0.015920
[13947]	0.015922
[15138]	0.015927
[10747]	0.015932
[14081]	0.015932
[13535]	0.015937
[10333]	0.015948
[12899]	0.015965
[11413]	0.015969
[14842]	0.015980
[11563]	0.015987
[12207]	0.015988
[11041]	0.015988
[11762]	0.015990
[10967]	0.015996
[14794]	0.016011
[12891]	0.016012
[13984]	0.016026
[13246]	0.016026
[16588]	0.016027
[10268]	0.016038
[13341]	0.016040
[11905]	0.016040
[11711]	0.016045
[14648]	0.016063
[14131]	0.016064
[10666]	0.016066
[12441]	0.016072
[14751]	0.016112
[15798]	0.016117
[15374]	0.016125
[10304]	0.016138
[14259]	0.016144
[12184]	0.016146
[14025]	0.016151
[12888]	0.016155
[11603]	0.016156
[11337]	0.016165
[13983]	0.016169
[14553]	0.016172
[10620]	0.016181
[11493]	0.016185
[11308]	0.016195
[16252]	0.016199
[13459]	0.016201
[10739]	0.016202
[15569]	0.016206
[15570]	0.016211
[11638]	0.016215
[13476]	0.016220
[14288]	0.016242
[10136]	0.016252
[11980]	0.016253
[12915]	0.016258
[12335]	0.016258
[13543]	0.016269
[16525]	0.016273
[16229]	0.016289
[10817]	0.016308
[15454]	0.016314
[10557]	0.016328
[12951]	0.016341
[11726]	0.016362
[12348]	0.016374
[15295]	0.016383
[14092]	0.016385
[11165]	0.016389
[11731]	0.016391
[12012]	0.016395
[11921]	0.016398
[13731]	0.016409
[13422]	0.016417
[14520]	0.016423
[14960]	0.016424
[12206]	0.016425
[13502]	0.016442
[14182]	0.016443
[12244]	0.016460
[13605]	0.016463
[13501]	0.016463
[14130]	0.016465
[11953]	0.016480
[13795]	0.016515
[10849]	0.016527
[11624]	0.016537
[10504]	0.016547
[15411]	0.016547
[12932]	0.016556
[13061]	0.016576
[10590]	0.016585
[11555]	0.016590
[11699]	0.016600
[10728]	0.016615
[13211]	0.016617
[11140]	0.016618
[10683]	0.016625
[11233]	0.016641
[13987]	0.016658
[16390]	0.016660
[12223]	0.016664
[14689]	0.016667
[15074]	0.016696
[12365]	0.016699
[16078]	0.016706
[11982]	0.016713
[10815]	0.016723
[14050]	0.016726
[15624]	0.016770
[11884]	0.016771
[12574]	0.016777
[14952]	0.016787
[11675]	0.016794
[16149]	0.016795
[11637]	0.016795
[10577]	0.016834
[11274]	0.016840
[10744]	0.016846
[11617]	0.016847
[10654]	0.016863
[13121]	0.016876
[15380]	0.016897
[10427]	0.016900
[12544]	0.016908
[13933]	0.016928
[12320]	0.016958
[11630]	0.016959
[10146]	0.016959
[13076]	0.016968
[14570]	0.016994
[10713]	0.017014
[13507]	0.017021
[13344]	0.017037
[12250]	0.017038
[14098]	0.017056
[14306]	0.017057
[13484]	0.017069
[11111]	0.017077
[10322]	0.017081
[12494]	0.017086
[12094]	0.017121
[10785]	0.017153
[10372]	0.017153
[10279]	0.017160
[13158]	0.017170
[14262]	0.017177
[12007]	0.017184
[11453]	0.017188
[11441]	0.017190
[13667]	0.017208
[11503]	0.017212
[11203]	0.017225
[16215]	0.017228
[14814]	0.017258
[15323]	0.017267
[11775]	0.017268
[13032]	0.017298
[14321]	0.017305
[10781]	0.017310
[11481]	0.017326
[10621]	0.017327
[11456]	0.017350
[10185]	0.017359
[10154]	0.017362
[13277]	0.017385
[12119]	0.017386
[11684]	0.017387
[15376]	0.017423
[12559]	0.017427
[11641]	0.017429
[10535]	0.017430
[14112]	0.017436
[12448]	0.017444
[16217]	0.017474
[14898]	0.017500
[11049]	0.017502
[11540]	0.017509
[14193]	0.017511
[11288]	0.017512
[10982]	0.017539
[10155]	0.017553
[15249]	0.017554
[13541]	0.017556
[14783]	0.017559
[14893]	0.017579
[13029]	0.017590
[14802]	0.017618
[12314]	0.017635
[14633]	0.017642
[11977]	0.017651
[11973]	0.017652
[11146]	0.017665
[14986]	0.017683
[11495]	0.017695
[14704]	0.017697
[12397]	0.017707
[13184]	0.017713
[10158]	0.017725
[11123]	0.017726
[11537]	0.017733
[11612]	0.017739
[10519]	0.017762
[11577]	0.017764
[13105]	0.017766
[11109]	0.017770
[13367]	0.017786
[14679]	0.017791
[10469]	0.017795
[10551]	0.017797
[13282]	0.017798
[13296]	0.017799
[10685]	0.017799
[12896]	0.017815
[13796]	0.017838
[14275]	0.017844
[15447]	0.017885
[14831]	0.017892
[12323]	0.017922
[10140]	0.017957
[10408]	0.017961
[14108]	0.017962
[10540]	0.017965
[14057]	0.017972
[14685]	0.017990
[13577]	0.018011
[10466]	0.018023
[10216]	0.018034
[11150]	0.018056
[11721]	0.018067
[15618]	0.018098
[12917]	0.018132
[14908]	0.018156
[14761]	0.018159
[12898]	0.018161
[12954]	0.018173
[10980]	0.018205
[10559]	0.018206
[15919]	0.018215
[14869]	0.018219
[10431]	0.018237
[11027]	0.018244
[10208]	0.018245
[16166]	0.018255
[12324]	0.018257
[14771]	0.018313
[14635]	0.018340
[12878]	0.018389
[12278]	0.018394
[10434]	0.018402
[14747]	0.018416
[11067]	0.018417
[11003]	0.018422
[10990]	0.018597
[14683]	0.018601
[14574]	0.018602
[12217]	0.018602
[14711]	0.018681
[11259]	0.018717
[13891]	0.018722
[15370]	0.018744
[15096]	0.018799
[11423]	0.018809
[15304]	0.018815
[13898]	0.018829
[13871]	0.018846
[13851]	0.018860
[10299]	0.018861
[11823]	0.018867
[12884]	0.018869
[12992]	0.018871
[10423]	0.018897
[12889]	0.018928
[14107]	0.018951
[14027]	0.018956
[12451]	0.018959
[10198]	0.018963
[14307]	0.018963
[15412]	0.019005
[15070]	0.019068
[10800]	0.019076
[10874]	0.019107
[10868]	0.019108
[13204]	0.019137
[13230]	0.019172
[13495]	0.019202
[13198]	0.019208
[14576]	0.019213
[10994]	0.019220
[13931]	0.019259
[13398]	0.019273
[14696]	0.019294
[13485]	0.019302
[10599]	0.019338
[15356]	0.019347
[10194]	0.019354
[12191]	0.019364
[12892]	0.019376
[10257]	0.019402
[14512]	0.019425
[10135]	0.019467
[14524]	0.019469
[12391]	0.019499
[16271]	0.019587
[10721]	0.019605
[11986]	0.019609
[11996]	0.019614
[12945]	0.019623
[11697]	0.019701
[11995]	0.019704
[12266]	0.019750
[10792]	0.019765
[13461]	0.019766
[10529]	0.019979
[11267]	0.020004
[13303]	0.020040
[14492]	0.020151
[15016]	0.020177
[11764]	0.020285
[13487]	0.020315
[11376]	0.020361
[11292]	0.020396
[11066]	0.020544
[11042]	0.020563
[13342]	0.020616
[11278]	0.020624
[13244]	0.020793
[10693]	0.020822
[16091]	0.020830
[11298]	0.020844
[10821]	0.020954
[13232]	0.020962
[11193]	0.020970
[14122]	0.020996
[14730]	0.021000
[11057]	0.021042
[12264]	0.021183
[12478]	0.021217
[12339]	0.021297
[15167]	0.021316
[14100]	0.021396
[11433]	0.021438
[12197]	0.021472
[12953]	0.021493
[10397]	0.021561
[11618]	0.021835
[13930]	0.022292
