


***Graph Closeness Centrality***

[10613]	0.000739
[11344]	0.000739
[12222]	0.000739
[14945]	0.000739
[14992]	0.000739
[15855]	0.000739
[15937]	0.000739
[16442]	0.000739
[16526]	0.000739
[16764]	0.000739
[12625]	0.001108
[10585]	0.001477
[11099]	0.001477
[14533]	0.148184
[13055]	0.152711
[12252]	0.157606
[13504]	0.157606
[13693]	0.157606
[15754]	0.157606
[15793]	0.157606
[15885]	0.157606
[16345]	0.157606
[10961]	0.157606
[11367]	0.157606
[12857]	0.157606
[12253]	0.157975
[12633]	0.157975
[11484]	0.158345
[13564]	0.171676
[13574]	0.171676
[13700]	0.173005
[10042]	0.174841
[10556]	0.174841
[12509]	0.174841
[12782]	0.174841
[12785]	0.174841
[12854]	0.174841
[12869]	0.174841
[13888]	0.174841
[14631]	0.174841
[15091]	0.174841
[15221]	0.178365
[11431]	0.179772
[16058]	0.179772
[11646]	0.180141
[14229]	0.184315
[12773]	0.184315
[15741]	0.190223
[14863]	0.203541
[15934]	0.203541
[11924]	0.207209
[13998]	0.208212
[14475]	0.208212
[11643]	0.212934
[16758]	0.213785
[10056]	0.214461
[11627]	0.215172
[11399]	0.215541
[15256]	0.216739
[11215]	0.216813
[15856]	0.216813
[16310]	0.216813
[14477]	0.216813
[16233]	0.217182
[13002]	0.219398
[12815]	0.222209
[13856]	0.224170
[11351]	0.224539
[13251]	0.225230
[12390]	0.226350
[11559]	0.229064
[11728]	0.233061
[14749]	0.234672
[11434]	0.239361
[15973]	0.243165
[12553]	0.243663
[14819]	0.244032
[11671]	0.245685
[13826]	0.245685
[16647]	0.245685
[10617]	0.249961
[15842]	0.249965
[15649]	0.251101
[13890]	0.251556
[15508]	0.254118
[10237]	0.254241
[12315]	0.254241
[11756]	0.254611
[15250]	0.254795
[15406]	0.254832
[11036]	0.255755
[11245]	0.255755
[13467]	0.255940
[14046]	0.256765
[11053]	0.257356
[15774]	0.257356
[15385]	0.257848
[15160]	0.258008
[14938]	0.258150
[15448]	0.258365
[12653]	0.258463
[12671]	0.258463
[12737]	0.258857
[14167]	0.258870
[12663]	0.258870
[12841]	0.258870
[13704]	0.258870
[13111]	0.258956
[10016]	0.259325
[11511]	0.259473
[12638]	0.259473
[15853]	0.259473
[14088]	0.260064
[12649]	0.260064
[14942]	0.260064
[14493]	0.260125
[14119]	0.260211
[11392]	0.260211
[12684]	0.260298
[13658]	0.260298
[14845]	0.260298
[15872]	0.260298
[11299]	0.260753
[13714]	0.260753
[12635]	0.260950
[12641]	0.260950
[15278]	0.261024
[14987]	0.261048
[10243]	0.261122
[12866]	0.261122
[13934]	0.261122
[12720]	0.261135
[10996]	0.261233
[14273]	0.261319
[12784]	0.261319
[10396]	0.261331
[11317]	0.261393
[11417]	0.261470
[13863]	0.261492
[12772]	0.261492
[13942]	0.261664
[11656]	0.261892
[14927]	0.262627
[13087]	0.262948
[16428]	0.263083
[10011]	0.263452
[10278]	0.263461
[12705]	0.263461
[13792]	0.263558
[12721]	0.263830
[15446]	0.263830
[11411]	0.264101
[13806]	0.264101
[14744]	0.264511
[12755]	0.264704
[15709]	0.265024
[13827]	0.265077
[12844]	0.265332
[14630]	0.265545
[11535]	0.265640
[15794]	0.265886
[11845]	0.265886
[15785]	0.266194
[11538]	0.266209
[11241]	0.266415
[12294]	0.266612
[11512]	0.266784
[13579]	0.266784
[11941]	0.266871
[10640]	0.267363
[15861]	0.267425
[15798]	0.267523
[14856]	0.268471
[12228]	0.268487
[15257]	0.268569
[14130]	0.268631
[10945]	0.268708
[14805]	0.268717
[12863]	0.268831
[15282]	0.269000
[15862]	0.269369
[10310]	0.269410
[10405]	0.269493
[15887]	0.269493
[10241]	0.269677
[12709]	0.269677
[14102]	0.269702
[12851]	0.269739
[12853]	0.269739
[12855]	0.269739
[12831]	0.269862
[11492]	0.269862
[13710]	0.269923
[12779]	0.270477
[14965]	0.270542
[12708]	0.270600
[11938]	0.270641
[13770]	0.270847
[10347]	0.270973
[12127]	0.271441
[15344]	0.272118
[11227]	0.272201
[13894]	0.272201
[14453]	0.272290
[10511]	0.272536
[13536]	0.272536
[15532]	0.272536
[16760]	0.272536
[10697]	0.272686
[14270]	0.272686
[13434]	0.272754
[13369]	0.272939
[15554]	0.273124
[11230]	0.273178
[11720]	0.273178
[16250]	0.273412
[11394]	0.273472
[11545]	0.273548
[11619]	0.273548
[11997]	0.273548
[14797]	0.273548
[15231]	0.273671
[14646]	0.273681
[12175]	0.273917
[15085]	0.273985
[14062]	0.274040
[10416]	0.274293
[14236]	0.274481
[10661]	0.274998
[14718]	0.275032
[12171]	0.275148
[12610]	0.275148
[15530]	0.275220
[11479]	0.275577
[12652]	0.275823
[10204]	0.275886
[12195]	0.276755
[12769]	0.276878
[11615]	0.277103
[16175]	0.277435
[15498]	0.278076
[13255]	0.278740
[10889]	0.279146
[13784]	0.279553
[13599]	0.280476
[14713]	0.281928
[11375]	0.282298
[14408]	0.282632
[14583]	0.282632
[14733]	0.282632
[15994]	0.282632
[16456]	0.283001
[15154]	0.283639
[14299]	0.283863
[15215]	0.284232
[14582]	0.284232
[13828]	0.285707
[16754]	0.285707
[14470]	0.286323
[13771]	0.287074
[15088]	0.287418
[16364]	0.287418
[11908]	0.288268
[12245]	0.288268
[11879]	0.288637
[14745]	0.288637
[14691]	0.288661
[13655]	0.288674
[14197]	0.288711
[12134]	0.288774
[15481]	0.288821
[11430]	0.290360
[13307]	0.290508
[13757]	0.292133
[12598]	0.292428
[10122]	0.292736
[15163]	0.292773
[13862]	0.292933
[13854]	0.293277
[14201]	0.293437
[13359]	0.294164
[12595]	0.294361
[15232]	0.296650
[10224]	0.296872
[11282]	0.297635
[12029]	0.297696
[10591]	0.297709
[10005]	0.298289
[10923]	0.298289
[10938]	0.298289
[11463]	0.298289
[12370]	0.298289
[13016]	0.298289
[13292]	0.298289
[15504]	0.298289
[16251]	0.298349
[12621]	0.298658
[15725]	0.298658
[13381]	0.298781
[13415]	0.298781
[13322]	0.298878
[12141]	0.298904
[10783]	0.299028
[11007]	0.299028
[15061]	0.299028
[15581]	0.299028
[14559]	0.299151
[10349]	0.299397
[10184]	0.299520
[11214]	0.299643
[12235]	0.299889
[12868]	0.299889
[15124]	0.300012
[12347]	0.300207
[14474]	0.301489
[14125]	0.301613
[13767]	0.301736
[12149]	0.301832
[13203]	0.301918
[12214]	0.302105
[16763]	0.302300
[12615]	0.302474
[10247]	0.302720
[16519]	0.302743
[10139]	0.303090
[15235]	0.303642
[14804]	0.303828
[12704]	0.304197
[10535]	0.304454
[13968]	0.304481
[16172]	0.304481
[10435]	0.304676
[13829]	0.304676
[10313]	0.304751
[10325]	0.305697
[11834]	0.306214
[14816]	0.306228
[16599]	0.306325
[10863]	0.306694
[13424]	0.307138
[14889]	0.307827
[12956]	0.307827
[11714]	0.307864
[13628]	0.307864
[10933]	0.308085
[16634]	0.308541
[14234]	0.308567
[14897]	0.309821
[11719]	0.310006
[15383]	0.311372
[10427]	0.311558
[13520]	0.311558
[13505]	0.311618
[11098]	0.311864
[13525]	0.312295
[11961]	0.312443
[12287]	0.312554
[14380]	0.313981
[14101]	0.314363
[14751]	0.314474
[10419]	0.314498
[16426]	0.314942
[13654]	0.315631
[13812]	0.315631
[15598]	0.315631
[11372]	0.315631
[13176]	0.315631
[11194]	0.316222
[13072]	0.316271
[13546]	0.316556
[10172]	0.317650
[16096]	0.317884
[13246]	0.318044
[10205]	0.318400
[11966]	0.318400
[12987]	0.318400
[13047]	0.318400
[14686]	0.318400
[16761]	0.318400
[11655]	0.318770
[13145]	0.318770
[14904]	0.318770
[15106]	0.318770
[10569]	0.319348
[11675]	0.319348
[11773]	0.319348
[15440]	0.319348
[15548]	0.319348
[15879]	0.319348
[10374]	0.319348
[16454]	0.319348
[16588]	0.319348
[11165]	0.319385
[10300]	0.319422
[14332]	0.319471
[14706]	0.319558
[13143]	0.319718
[14941]	0.319718
[16425]	0.319718
[10504]	0.319841
[11582]	0.319964
[14451]	0.320111
[16253]	0.320370
[11496]	0.320493
[10400]	0.320592
[13464]	0.320715
[11126]	0.321269
[13125]	0.321626
[11002]	0.321896
[15458]	0.321896
[12018]	0.322093
[14431]	0.322093
[11522]	0.322266
[11031]	0.322290
[14091]	0.322290
[10730]	0.322290
[15008]	0.322389
[10460]	0.322413
[14695]	0.322413
[10838]	0.322733
[15626]	0.322844
[14435]	0.323312
[16542]	0.323398
[15057]	0.323669
[11216]	0.324446
[11459]	0.324631
[15020]	0.324666
[12054]	0.324815
[14692]	0.325060
[10338]	0.325185
[11871]	0.325515
[13619]	0.325589
[10182]	0.326106
[14222]	0.326292
[16540]	0.326315
[14186]	0.326416
[12798]	0.326416
[12845]	0.326416
[13162]	0.326416
[15237]	0.326416
[13491]	0.326438
[10967]	0.326562
[12375]	0.326562
[12455]	0.326562
[13348]	0.326562
[15138]	0.326562
[15454]	0.326562
[10181]	0.326623
[15043]	0.326672
[12174]	0.326945
[16525]	0.327300
[13865]	0.327559
[10750]	0.327632
[11592]	0.327755
[15606]	0.327768
[13984]	0.327891
[16719]	0.328039
[12492]	0.328176
[13109]	0.328176
[13347]	0.328545
[13535]	0.328629
[11525]	0.328949
[11058]	0.329897
[12314]	0.330193
[13182]	0.330193
[14113]	0.330304
[16179]	0.330527
[11097]	0.330673
[14754]	0.330944
[11684]	0.331005
[15220]	0.331547
[12436]	0.332853
[16016]	0.332989
[10557]	0.333590
[11456]	0.333590
[14561]	0.333664
[13418]	0.333861
[14182]	0.333885
[14397]	0.333947
[11517]	0.334367
[13490]	0.334501
[12494]	0.334575
[11493]	0.335203
[12388]	0.335203
[13507]	0.335203
[13731]	0.335203
[15601]	0.335229
[15825]	0.335229
[11716]	0.335375
[14051]	0.335375
[12846]	0.335487
[13051]	0.335560
[15525]	0.335598
[10623]	0.335744
[11842]	0.335744
[11015]	0.335818
[10361]	0.335830
[11295]	0.336015
[16171]	0.336150
[16261]	0.336150
[14488]	0.336150
[11790]	0.336323
[11198]	0.336324
[11135]	0.336384
[10779]	0.336643
[13543]	0.336950
[11699]	0.337000
[10414]	0.337037
[10480]	0.337149
[11789]	0.337357
[11732]	0.337394
[10448]	0.337504
[10900]	0.337504
[13592]	0.337504
[12365]	0.337627
[13463]	0.337627
[12587]	0.337837
[13024]	0.337925
[14054]	0.338023
[12055]	0.338243
[10322]	0.338391
[13472]	0.338428
[14231]	0.338797
[14467]	0.339685
[14577]	0.339769
[10165]	0.340719
[11410]	0.340719
[13629]	0.340719
[16254]	0.340719
[15063]	0.340719
[15171]	0.340719
[14886]	0.340729
[16668]	0.340842
[10746]	0.340903
[11910]	0.341037
[14239]	0.341049
[10503]	0.341049
[15505]	0.341088
[10033]	0.341334
[11715]	0.341419
[11827]	0.341431
[14131]	0.341468
[10930]	0.341691
[16567]	0.341704
[15174]	0.341936
[14282]	0.342258
[16390]	0.342258
[14268]	0.342319
[14738]	0.342442
[11952]	0.342627
[15012]	0.342688
[11391]	0.342773
[10615]	0.342797
[11445]	0.342811
[11564]	0.342982
[13715]	0.343058
[13689]	0.343437
[10478]	0.343439
[12947]	0.343439
[14656]	0.343462
[16097]	0.343474
[12124]	0.343671
[13139]	0.343868
[14672]	0.343919
[12822]	0.343919
[11793]	0.343968
[14880]	0.343981
[14919]	0.344042
[16762]	0.344092
[12676]	0.344104
[12728]	0.344165
[15147]	0.344213
[15293]	0.344227
[16083]	0.344238
[13196]	0.344289
[15447]	0.344311
[10674]	0.344350
[15127]	0.344350
[15868]	0.344350
[11859]	0.344350
[14218]	0.344350
[14320]	0.344373
[10225]	0.344412
[12268]	0.344412
[14485]	0.344535
[15245]	0.344535
[15210]	0.344633
[13614]	0.344719
[12087]	0.344719
[10778]	0.344744
[14895]	0.344781
[15049]	0.344904
[13832]	0.344951
[12748]	0.345027
[14539]	0.345099
[15721]	0.345150
[11180]	0.345495
[14943]	0.345495
[15236]	0.345704
[11833]	0.345827
[11453]	0.345949
[11028]	0.346073
[13676]	0.346196
[12132]	0.346233
[10589]	0.346269
[16133]	0.346293
[12719]	0.346443
[12119]	0.346736
[13768]	0.346750
[12250]	0.346884
[14250]	0.346958
[12559]	0.347179
[14993]	0.347354
[13034]	0.347464
[15051]	0.347526
[11914]	0.347538
[14627]	0.347550
[10275]	0.347698
[11050]	0.347698
[13540]	0.347698
[14303]	0.347698
[15260]	0.347733
[12136]	0.347883
[12263]	0.348006
[10654]	0.348115
[12321]	0.348227
[10198]	0.348632
[11531]	0.348991
[10775]	0.349028
[15579]	0.349040
[10333]	0.349360
[16268]	0.350404
[11470]	0.350406
[15030]	0.350466
[12320]	0.350589
[15497]	0.350663
[16218]	0.350849
[11336]	0.350874
[14150]	0.351022
[10872]	0.351169
[11724]	0.351169
[12681]	0.351169
[12849]	0.351169
[12920]	0.351169
[12969]	0.351169
[14065]	0.351169
[14535]	0.351169
[15052]	0.351169
[15115]	0.351169
[15130]	0.351169
[15566]	0.351169
[11588]	0.351268
[10917]	0.351403
[11844]	0.351551
[11762]	0.351637
[11013]	0.351637
[11441]	0.351672
[14898]	0.351672
[13032]	0.351882
[10148]	0.351969
[11063]	0.351969
[12177]	0.351969
[12876]	0.351969
[13799]	0.351969
[15125]	0.351969
[15584]	0.351969
[15632]	0.351969
[10171]	0.352029
[14871]	0.352191
[10245]	0.352228
[12255]	0.352363
[12888]	0.352363
[13200]	0.352363
[14534]	0.352363
[11587]	0.352376
[11550]	0.352413
[10221]	0.352733
[10925]	0.352733
[11283]	0.352733
[11447]	0.352733
[12519]	0.352733
[12902]	0.352733
[10409]	0.352856
[10678]	0.352917
[12627]	0.353028
[14306]	0.353051
[14875]	0.353051
[10754]	0.353151
[11725]	0.353213
[14709]	0.353644
[10157]	0.353656
[16267]	0.353730
[10444]	0.354171
[12184]	0.354394
[15054]	0.354468
[10739]	0.354567
[12129]	0.354567
[12343]	0.354567
[14120]	0.354801
[10280]	0.354874
[16156]	0.354874
[16166]	0.354985
[11315]	0.354985
[13970]	0.355059
[11421]	0.355305
[11487]	0.355305
[12807]	0.355367
[10272]	0.355379
[11468]	0.355416
[13282]	0.355611
[11092]	0.355748
[15582]	0.355748
[14955]	0.355748
[13121]	0.355857
[14520]	0.355884
[10631]	0.355921
[14853]	0.356105
[11197]	0.356130
[12190]	0.356130
[12891]	0.356130
[15411]	0.356130
[10918]	0.356302
[14543]	0.356364
[10141]	0.356413
[14618]	0.356499
[13541]	0.356534
[13241]	0.356684
[11869]	0.356795
[13987]	0.356953
[10304]	0.356979
[15317]	0.357053
[10910]	0.357102
[15401]	0.357115
[11415]	0.357189
[10558]	0.357410
[10170]	0.357595
[10209]	0.357656
[10486]	0.357656
[10545]	0.357656
[10758]	0.357656
[11730]	0.357656
[13532]	0.357656
[14030]	0.357656
[14750]	0.357656
[15643]	0.357656
[16322]	0.357656
[10878]	0.357656
[10884]	0.357656
[11082]	0.357656
[13048]	0.357656
[13169]	0.357656
[13682]	0.357779
[10562]	0.357804
[16286]	0.358026
[11867]	0.358161
[11233]	0.358456
[11865]	0.358518
[15129]	0.358629
[16178]	0.358764
[11170]	0.358936
[14288]	0.358986
[11695]	0.359010
[11555]	0.359195
[14458]	0.359257
[10929]	0.359257
[11030]	0.359257
[11160]	0.359257
[11945]	0.359257
[12211]	0.359257
[13095]	0.359257
[13692]	0.359257
[11085]	0.359453
[10950]	0.359503
[10258]	0.359626
[12067]	0.359626
[14487]	0.359626
[15478]	0.359675
[15325]	0.359995
[11947]	0.360340
[14006]	0.360340
[16476]	0.360340
[12335]	0.360377
[12832]	0.360463
[13873]	0.360537
[11548]	0.360647
[12739]	0.360709
[15277]	0.360734
[11041]	0.360771
[13964]	0.360771
[13046]	0.360881
[12244]	0.360904
[15569]	0.361214
[15607]	0.361312
[13809]	0.361324
[12265]	0.361397
[14648]	0.361472
[10817]	0.361706
[10658]	0.361817
[12155]	0.362112
[12886]	0.362309
[12899]	0.362371
[12389]	0.362555
[13194]	0.362703
[13785]	0.362986
[14736]	0.363011
[14109]	0.363097
[10731]	0.363565
[16252]	0.363602
[11931]	0.363639
[16101]	0.363737
[14877]	0.363811
[12402]	0.363934
[14960]	0.363983
[10519]	0.364006
[10744]	0.364156
[14092]	0.364500
[10676]	0.364525
[14254]	0.364525
[11172]	0.364586
[11905]	0.364660
[15381]	0.364697
[10577]	0.364845
[12363]	0.365042
[13297]	0.365177
[11418]	0.365325
[13127]	0.365399
[10857]	0.365436
[10728]	0.365645
[11070]	0.365805
[13943]	0.365805
[10716]	0.365805
[12412]	0.365817
[16242]	0.365965
[14050]	0.366062
[12115]	0.366064
[13484]	0.366273
[12207]	0.366482
[10136]	0.366507
[13211]	0.366556
[13344]	0.366716
[15628]	0.366790
[12882]	0.366999
[14722]	0.367258
[10954]	0.367258
[11075]	0.367258
[14924]	0.367258
[11928]	0.367516
[12898]	0.367600
[13602]	0.367602
[14496]	0.367639
[11301]	0.368070
[11308]	0.368205
[14792]	0.368242
[13672]	0.368341
[10819]	0.368365
[15374]	0.368439
[13105]	0.368573
[13900]	0.369067
[15074]	0.369190
[12915]	0.369252
[14115]	0.369449
[14228]	0.369510
[16115]	0.369535
[15483]	0.369645
[12511]	0.369682
[13983]	0.369793
[15177]	0.370064
[13936]	0.370187
[15627]	0.370212
[13388]	0.370384
[12574]	0.370643
[11471]	0.370778
[15113]	0.370889
[12180]	0.371209
[16443]	0.371270
[14237]	0.371307
[12164]	0.371344
[16263]	0.371430
[11052]	0.371492
[13166]	0.371492
[14022]	0.371553
[11086]	0.371566
[15048]	0.371603
[13618]	0.371627
[10608]	0.371775
[10298]	0.371861
[14704]	0.371960
[12280]	0.371972
[14553]	0.372009
[13459]	0.372157
[14842]	0.372243
[10542]	0.372304
[10815]	0.372464
[10630]	0.372514
[14905]	0.372661
[13501]	0.372797
[10482]	0.372870
[14879]	0.372883
[12938]	0.373117
[12066]	0.373387
[14721]	0.373486
[13184]	0.373609
[12223]	0.373744
[10268]	0.373769
[15991]	0.373966
[11495]	0.374151
[13360]	0.374212
[13076]	0.374286
[15841]	0.374335
[10551]	0.374458
[14256]	0.374705
[11076]	0.374963
[10469]	0.375209
[11413]	0.375505
[10696]	0.375665
[13243]	0.375665
[10287]	0.375825
[15380]	0.375825
[11332]	0.375997
[10561]	0.376268
[13433]	0.376403
[10926]	0.376551
[11519]	0.376625
[10216]	0.376797
[11617]	0.376797
[12685]	0.376871
[11288]	0.377056
[10982]	0.377474
[11337]	0.377548
[12819]	0.377610
[14674]	0.377843
[14828]	0.378028
[16215]	0.378028
[10394]	0.378077
[14081]	0.378336
[12397]	0.378483
[14588]	0.379000
[10568]	0.379087
[15153]	0.379444
[12523]	0.379505
[12472]	0.379579
[14645]	0.379579
[13377]	0.379628
[10162]	0.379641
[11711]	0.379677
[11376]	0.379702
[11274]	0.379702
[11778]	0.379751
[14098]	0.379874
[12932]	0.380034
[11185]	0.380108
[10146]	0.380121
[10717]	0.380182
[14698]	0.380293
[16173]	0.380305
[15323]	0.380687
[13043]	0.380724
[11203]	0.380748
[14314]	0.381032
[12051]	0.381585
[14794]	0.381585
[11577]	0.382533
[14952]	0.382533
[15295]	0.382816
[16306]	0.382915
[11488]	0.383075
[11290]	0.383124
[13290]	0.383210
[10150]	0.383506
[15570]	0.383543
[12125]	0.383924
[13218]	0.384047
[14004]	0.384281
[15041]	0.384355
[12520]	0.384367
[15022]	0.384380
[13295]	0.384453
[11654]	0.384700
[10647]	0.384786
[15023]	0.384847
[14802]	0.384946
[12156]	0.385020
[11534]	0.385167
[11980]	0.385512
[13370]	0.385549
[14025]	0.385549
[10327]	0.385660
[11731]	0.386017
[10210]	0.386041
[10154]	0.386164
[10971]	0.386189
[16128]	0.386226
[11164]	0.386509
[14278]	0.386608
[16163]	0.386657
[15604]	0.386829
[13795]	0.386878
[13277]	0.387198
[14637]	0.387248
[11122]	0.387358
[10244]	0.387432
[13933]	0.387445
[16293]	0.387457
[15402]	0.387555
[14716]	0.387592
[13408]	0.388072
[14207]	0.388109
[13306]	0.388171
[11888]	0.388232
[11187]	0.388405
[13594]	0.388663
[10683]	0.388786
[11641]	0.388860
[15389]	0.388971
[13398]	0.389229
[13341]	0.389328
[11907]	0.389599
[14489]	0.389709
[15718]	0.389771
[14252]	0.389870
[11950]	0.390460
[15027]	0.390608
[11915]	0.390633
[11537]	0.390719
[13068]	0.390731
[12101]	0.390891
[15018]	0.391027
[14712]	0.391051
[15455]	0.391125
[12348]	0.391248
[14259]	0.391445
[14530]	0.391470
[10621]	0.391753
[11726]	0.392319
[12239]	0.392381
[15567]	0.392614
[10685]	0.392910
[10911]	0.393008
[13667]	0.393033
[12693]	0.393045
[12007]	0.393218
[12003]	0.393328
[12951]	0.393464
[11898]	0.394424
[15092]	0.394485
[14457]	0.394609
[13486]	0.394756
[15013]	0.394793
[11953]	0.394879
[12957]	0.394879
[13289]	0.395630
[11982]	0.396172
[11612]	0.396233
[10415]	0.396873
[15070]	0.396972
[10431]	0.397033
[10329]	0.397070
[12878]	0.397157
[10781]	0.397354
[13264]	0.397870
[13422]	0.398018
[13625]	0.398129
[12012]	0.398301
[11444]	0.398326
[13947]	0.398449
[11027]	0.398597
[12016]	0.399569
[10521]	0.400246
[11252]	0.400295
[10581]	0.400628
[10627]	0.400763
[13476]	0.400763
[11244]	0.401157
[13560]	0.401219
[10666]	0.401256
[11921]	0.401379
[11111]	0.401711
[11977]	0.401773
[14918]	0.401809
[15246]	0.401846
[14012]	0.401871
[10517]	0.401908
[14633]	0.401969
[10877]	0.401982
[10434]	0.402154
[14739]	0.402314
[14849]	0.402314
[12544]	0.402400
[16477]	0.402450
[12991]	0.402511
[10155]	0.402942
[15258]	0.403016
[11625]	0.403250
[15192]	0.403250
[13694]	0.403373
[13256]	0.403447
[10638]	0.403927
[16304]	0.404185
[16078]	0.404677
[14082]	0.405071
[12324]	0.405108
[14108]	0.405108
[14814]	0.405367
[11628]	0.405601
[11624]	0.405847
[11150]	0.405908
[11146]	0.406019
[12026]	0.406093
[15045]	0.406204
[12966]	0.406745
[10312]	0.406807
[10980]	0.406819
[14711]	0.407065
[13461]	0.407336
[13367]	0.407447
[14681]	0.407570
[12169]	0.407632
[15595]	0.407866
[10357]	0.408223
[14717]	0.408247
[13898]	0.408370
[10408]	0.408432
[15513]	0.408555
[12395]	0.408912
[11648]	0.409441
[10752]	0.409774
[15624]	0.410340
[10620]	0.410857
[14210]	0.410869
[12448]	0.410943
[11049]	0.411004
[13952]	0.411054
[12699]	0.411091
[15058]	0.411989
[12884]	0.412309
[11067]	0.412482
[16085]	0.412494
[13502]	0.412802
[11369]	0.412974
[12986]	0.414032
[13113]	0.414513
[11823]	0.414833
[11435]	0.415079
[11118]	0.415116
[10158]	0.415817
[11638]	0.415965
[11563]	0.416384
[13269]	0.416494
[14689]	0.416605
[14574]	0.416790
[13165]	0.416987
[14783]	0.417356
[14275]	0.417664
[16091]	0.417910
[11775]	0.417971
[10990]	0.418833
[13094]	0.418895
[12917]	0.419128
[13029]	0.419449
[12900]	0.419756
[12982]	0.419879
[11988]	0.420064
[16149]	0.420126
[11455]	0.420310
[15249]	0.420433
[13518]	0.420741
[10846]	0.420864
[10747]	0.421221
[10732]	0.421332
[16321]	0.421356
[12010]	0.421664
[12094]	0.422403
[16232]	0.422710
[11603]	0.422834
[14677]	0.422957
[10208]	0.423511
[10372]	0.423572
[11123]	0.423634
[10575]	0.423917
[10970]	0.424064
[11651]	0.424249
[10711]	0.424348
[13514]	0.424557
[14286]	0.424594
[14824]	0.424852
[10785]	0.425345
[11140]	0.425357
[12323]	0.425702
[15084]	0.425763
[11721]	0.426034
[12073]	0.426157
[16042]	0.426551
[11109]	0.427203
[11637]	0.427388
[10185]	0.427413
[12217]	0.427573
[14696]	0.428373
[15356]	0.428434
[14986]	0.428483
[15618]	0.428767
[12990]	0.428927
[10135]	0.429296
[10411]	0.429542
[12441]	0.429788
[11503]	0.429850
[11764]	0.429850
[11868]	0.430034
[12651]	0.430219
[13577]	0.430330
[11003]	0.430896
[10194]	0.431635
[13230]	0.431696
[13180]	0.432189
[13061]	0.432742
[13156]	0.433813
[15306]	0.434269
[10279]	0.434774
[14112]	0.435389
[10920]	0.436374
[10292]	0.436620
[14153]	0.436681
[10874]	0.436743
[12206]	0.436805
[11481]	0.437543
[13158]	0.437863
[14293]	0.438011
[12945]	0.438454
[15412]	0.439266
[10868]	0.439389
[14193]	0.439697
[11630]	0.439796
[15024]	0.439919
[11760]	0.440473
[15919]	0.440867
[12391]	0.440977
[14685]	0.441076
[12954]	0.442344
[10540]	0.442344
[10559]	0.442590
[14066]	0.443082
[11973]	0.443772
[14838]	0.444005
[10849]	0.446467
[13485]	0.446837
[14309]	0.448129
[12758]	0.448314
[14262]	0.448375
[11874]	0.448498
[13605]	0.448683
[15096]	0.448868
[14832]	0.449052
[12143]	0.449286
[10466]	0.449606
[14321]	0.451059
[12972]	0.451145
[14512]	0.452560
[12896]	0.452622
[11884]	0.452930
[13296]	0.452967
[11267]	0.453422
[12277]	0.454407
[16257]	0.455022
[13252]	0.455453
[11995]	0.455699
[13830]	0.456376
[10713]	0.456930
[14312]	0.457976
[12278]	0.458653
[12992]	0.458838
[14761]	0.459724
[16229]	0.459823
[11996]	0.460561
[16217]	0.460967
[11032]	0.461768
[11423]	0.463516
[10590]	0.463762
[13744]	0.464008
[11986]	0.466445
[14576]	0.466445
[10599]	0.467122
[14524]	0.467885
[15370]	0.468932
[15376]	0.471886
[10257]	0.472317
[14570]	0.474101
[14843]	0.474446
[12451]	0.476231
[13931]	0.477154
[13851]	0.477979
[13871]	0.477979
[11540]	0.480441
[14307]	0.481401
[10140]	0.482570
[10792]	0.483370
[15167]	0.483764
[14908]	0.483764
[14893]	0.484749
[12197]	0.485771
[12173]	0.488011
[10800]	0.488996
[14635]	0.489894
[14679]	0.493981
[16271]	0.494756
[13198]	0.495372
[14027]	0.496172
[11259]	0.496787
[12191]	0.497772
[10529]	0.498018
[12953]	0.498326
[13342]	0.498658
[15016]	0.499003
[11042]	0.501342
[10994]	0.501797
[11066]	0.501957
[10423]	0.503742
[14683]	0.504050
[14869]	0.504628
[15304]	0.505404
[14122]	0.506635
[13891]	0.507127
[14492]	0.507866
[13232]	0.507989
[11278]	0.508912
[10821]	0.510266
[10693]	0.510574
[14831]	0.514045
[13796]	0.514660
[14057]	0.516445
[11193]	0.518267
[10721]	0.522698
[14100]	0.523314
[13204]	0.523991
[13495]	0.527376
[11057]	0.527376
[11697]	0.528360
[10299]	0.533506
[14730]	0.534392
[12339]	0.534453
[12264]	0.536977
[14771]	0.539094
[14107]	0.540239
[14747]	0.545162
[11433]	0.545839
[13244]	0.549348
[13487]	0.549594
[12889]	0.557902
[11292]	0.559749
[12478]	0.560857
[12266]	0.561103
[11618]	0.567996
[11298]	0.572612
[13303]	0.577597
[12892]	0.580798
[13930]	0.582952
[10397]	0.584675
