


***Graph Closeness Centrality***

[15937]	0.000000
[11344]	0.000000
[12625]	0.000000
[10585]	0.000000
[11099]	0.000000
[16442]	0.000000
[16764]	0.000000
[12222]	0.000001
[16526]	0.000001
[13700]	0.000001
[12832]	0.000001
[10674]	0.000001
[10435]	0.000001
[16476]	0.000001
[12520]	0.000001
[13614]	0.000001
[16456]	0.000001
[10716]	0.000001
[11724]	0.000001
[13771]	0.000001
[15088]	0.000001
[12067]	0.000001
[12876]	0.000001
[15221]	0.000001
[10280]	0.000001
[11417]	0.000001
[10929]	0.000001
[11290]	0.000001
[12681]	0.000001
[11030]	0.000001
[10480]	0.000002
[12969]	0.000002
[12846]	0.000002
[11160]	0.000002
[10162]	0.000002
[11172]	0.000002
[10415]	0.000002
[14380]	0.000002
[14824]	0.000002
[11455]	0.000002
[13692]	0.000002
[11369]	0.000002
[13784]	0.000002
[14645]	0.000002
[15868]	0.000002
[13998]	0.000002
[13243]	0.000002
[12472]	0.000002
[12849]	0.000002
[15130]	0.000002
[12739]	0.000002
[15842]	0.000002
[15505]	0.000002
[12390]	0.000002
[10258]	0.000002
[10182]	0.000002
[15092]	0.000002
[11945]	0.000002
[15127]	0.000002
[14201]	0.000002
[11351]	0.000002
[11375]	0.000002
[10482]	0.000002
[10287]	0.000002
[10696]	0.000002
[13043]	0.000002
[10872]	0.000002
[14408]	0.000002
[10244]	0.000002
[15258]	0.000002
[14533]	0.000002
[13359]	0.000002
[10678]	0.000002
[12685]	0.000002
[15113]	0.000002
[13856]	0.000002
[14845]	0.000002
[10150]	0.000002
[15256]	0.000002
[14686]	0.000002
[15277]	0.000002
[10181]	0.000002
[10746]	0.000002
[10503]	0.000002
[12169]	0.000002
[10394]	0.000002
[10877]	0.000002
[12684]	0.000002
[12143]	0.000002
[12395]	0.000003
[15872]	0.000003
[14453]	0.000003
[12115]	0.000003
[11459]	0.000003
[13658]	0.000003
[14945]	0.000003
[14992]	0.000003
[14458]	0.000003
[13491]	0.000003
[15058]	0.000003
[15604]	0.000003
[12287]	0.000003
[14299]	0.000003
[14733]	0.000003
[11793]	0.000003
[15306]	0.000003
[16286]	0.000003
[15129]	0.000003
[13408]	0.000003
[10542]	0.000003
[10971]	0.000003
[13532]	0.000003
[14115]	0.000003
[12627]	0.000003
[11715]	0.000003
[11625]	0.000003
[16763]	0.000003
[13602]	0.000003
[14239]	0.000003
[15718]	0.000003
[14309]	0.000003
[13628]	0.000003
[15595]	0.000003
[14535]	0.000003
[11915]	0.000003
[10591]	0.000003
[15566]	0.000003
[14717]	0.000003
[12054]	0.000003
[10310]	0.000003
[12101]	0.000003
[11651]	0.000003
[15106]	0.000003
[11988]	0.000003
[11914]	0.000003
[12987]	0.000003
[14583]	0.000003
[14904]	0.000003
[14561]	0.000003
[14228]	0.000003
[14066]	0.000003
[11082]	0.000003
[14186]	0.000003
[12938]	0.000003
[13625]	0.000003
[15402]	0.000003
[11655]	0.000003
[14250]	0.000003
[10209]	0.000003
[15022]	0.000003
[10357]	0.000003
[12798]	0.000003
[13472]	0.000003
[14754]	0.000003
[15237]	0.000003
[14496]	0.000003
[13518]	0.000003
[12026]	0.000003
[10517]	0.000003
[12066]	0.000003
[13757]	0.000003
[13143]	0.000003
[12277]	0.000003
[15994]	0.000003
[13560]	0.000003
[11966]	0.000003
[12125]	0.000003
[10970]	0.000003
[15606]	0.000003
[13113]	0.000003
[11444]	0.000004
[11118]	0.000004
[11760]	0.000004
[10205]	0.000004
[12699]	0.000004
[12845]	0.000004
[13943]	0.000004
[10758]	0.000004
[11070]	0.000004
[16321]	0.000004
[13694]	0.000004
[13162]	0.000004
[13145]	0.000004
[13952]	0.000004
[12957]	0.000004
[10752]	0.000004
[11730]	0.000004
[15567]	0.000004
[11548]	0.000004
[12920]	0.000004
[15018]	0.000004
[10920]	0.000004
[11332]	0.000004
[12900]	0.000004
[13672]	0.000004
[11628]	0.000004
[13744]	0.000004
[13156]	0.000004
[14451]	0.000004
[14941]	0.000004
[13047]	0.000004
[10608]	0.000004
[10623]	0.000004
[13900]	0.000004
[10292]	0.000004
[12966]	0.000004
[14721]	0.000004
[11418]	0.000004
[10750]	0.000004
[11488]	0.000004
[12972]	0.000004
[15643]	0.000004
[12991]	0.000004
[10568]	0.000004
[13165]	0.000004
[13051]	0.000004
[10730]	0.000004
[13094]	0.000004
[11170]	0.000004
[13048]	0.000005
[11928]	0.000005
[11716]	0.000005
[11435]	0.000005
[14918]	0.000005
[11216]	0.000005
[10545]	0.000005
[12986]	0.000005
[15154]	0.000006
[10338]	0.000006
[12134]	0.000006
[16647]	0.000006
[14889]	0.000006
[11517]	0.000006
[14065]	0.000006
[14475]	0.000006
[13166]	0.000006
[12651]	0.000006
[11671]	0.000006
[14051]	0.000006
[10884]	0.000006
[11487]	0.000006
[13826]	0.000006
[14101]	0.000006
[15174]	0.000006
[14030]	0.000007
[15115]	0.000007
[12016]	0.000007
[10460]	0.000007
[13087]	0.000007
[15052]	0.000007
[11888]	0.000007
[14222]	0.000007
[11938]	0.000008
[12051]	0.000008
[15220]	0.000008
[15498]	0.000008
[14582]	0.000008
[14695]	0.000008
[15825]	0.000008
[15455]	0.000008
[10717]	0.000008
[15235]	0.000009
[13251]	0.000009
[11031]	0.000009
[13297]	0.000009
[16261]	0.000009
[12595]	0.000009
[11052]	0.000009
[11950]	0.000010
[10448]	0.000010
[15513]	0.000010
[16171]	0.000010
[10711]	0.000010
[12982]	0.000010
[15483]	0.000010
[14004]	0.000010
[13218]	0.000011
[10613]	0.000011
[15855]	0.000011
[16251]	0.000011
[16179]	0.000011
[10165]	0.000011
[15008]	0.000011
[12402]	0.000012
[14713]	0.000012
[10863]	0.000012
[13812]	0.000012
[11185]	0.000012
[13169]	0.000012
[14691]	0.000012
[11194]	0.000012
[11564]	0.000012
[16364]	0.000012
[11582]	0.000012
[14254]	0.000013
[10411]	0.000013
[14286]	0.000013
[10615]	0.000013
[16173]	0.000013
[14838]	0.000013
[16253]	0.000013
[10889]	0.000013
[14210]	0.000013
[16599]	0.000013
[11086]	0.000013
[11301]	0.000013
[11164]	0.000013
[12990]	0.000013
[13520]	0.000013
[10486]	0.000013
[10658]	0.000013
[11391]	0.000013
[16268]	0.000013
[10575]	0.000013
[10911]	0.000014
[13525]	0.000014
[14792]	0.000014
[12758]	0.000014
[13269]	0.000014
[11015]	0.000014
[16175]	0.000015
[13865]	0.000015
[14677]	0.000015
[13322]	0.000015
[12239]	0.000015
[11654]	0.000015
[13463]	0.000015
[12263]	0.000015
[15192]	0.000015
[14706]	0.000015
[10148]	0.000015
[11282]	0.000016
[12388]	0.000016
[11372]	0.000016
[12010]	0.000016
[16306]	0.000016
[12886]	0.000016
[16304]	0.000016
[16267]	0.000016
[11394]	0.000016
[13799]	0.000016
[16178]	0.000016
[14278]	0.000016
[14488]	0.000016
[16096]	0.000016
[14577]	0.000017
[10237]	0.000017
[14681]	0.000017
[12173]	0.000017
[13255]	0.000017
[10312]	0.000017
[15632]	0.000017
[14312]	0.000017
[15530]	0.000017
[16443]	0.000017
[15383]	0.000017
[11063]	0.000017
[14637]	0.000018
[12598]	0.000018
[13654]	0.000018
[13370]	0.000018
[14207]	0.000018
[12347]	0.000018
[13095]	0.000018
[14849]	0.000018
[11430]	0.000018
[10846]	0.000018
[11719]	0.000018
[16242]	0.000018
[16668]	0.000018
[13594]	0.000018
[15584]	0.000018
[16293]	0.000019
[10347]	0.000019
[11180]	0.000019
[15020]	0.000019
[10521]	0.000019
[15440]	0.000019
[10878]	0.000019
[14832]	0.000020
[13854]	0.000020
[13068]	0.000020
[15013]	0.000020
[14012]	0.000020
[10569]	0.000020
[12315]	0.000020
[14739]	0.000020
[13072]	0.000021
[14692]	0.000021
[14293]	0.000021
[15628]	0.000021
[14022]	0.000021
[11656]	0.000021
[10478]	0.000021
[15246]	0.000021
[16042]	0.000021
[14749]	0.000021
[10444]	0.000021
[12693]	0.000021
[13464]	0.000021
[13829]	0.000021
[14938]	0.000021
[15084]	0.000021
[11874]	0.000021
[14153]	0.000021
[10325]	0.000021
[15317]	0.000021
[16254]	0.000021
[14618]	0.000022
[11643]	0.000022
[10676]	0.000022
[13306]	0.000022
[12587]	0.000022
[10300]	0.000022
[13252]	0.000022
[14435]	0.000022
[11244]	0.000022
[14167]	0.000022
[11756]	0.000023
[13180]	0.000023
[15125]	0.000023
[13618]	0.000023
[16250]	0.000023
[15598]	0.000023
[16477]	0.000023
[13704]	0.000023
[11447]	0.000023
[16567]	0.000023
[16762]	0.000023
[10638]	0.000023
[10224]	0.000023
[10923]	0.000023
[16097]	0.000023
[11445]	0.000024
[14722]	0.000024
[16634]	0.000024
[12519]	0.000024
[14314]	0.000024
[11032]	0.000024
[14738]	0.000024
[10210]	0.000024
[12177]	0.000024
[12174]	0.000024
[13809]	0.000024
[14993]	0.000024
[15481]	0.000025
[11868]	0.000025
[11947]	0.000025
[14082]	0.000025
[13592]	0.000025
[13176]	0.000025
[12947]	0.000025
[12180]	0.000026
[10732]	0.000026
[14879]	0.000026
[15232]	0.000026
[14955]	0.000026
[15045]	0.000026
[15215]	0.000026
[13574]	0.000026
[14919]	0.000026
[14744]	0.000026
[15163]	0.000026
[12149]	0.000026
[15012]	0.000026
[13564]	0.000026
[16761]	0.000026
[11098]	0.000027
[11871]	0.000027
[10857]	0.000027
[15023]	0.000027
[16322]	0.000027
[10630]	0.000027
[10910]	0.000027
[14091]	0.000028
[12663]	0.000028
[13689]	0.000028
[13203]	0.000028
[11924]	0.000028
[16085]	0.000028
[16754]	0.000029
[11075]	0.000029
[14877]	0.000029
[14630]	0.000029
[16542]	0.000029
[13424]	0.000029
[16758]	0.000029
[11295]	0.000029
[11842]	0.000029
[14716]	0.000029
[13682]	0.000030
[11907]	0.000030
[12228]	0.000030
[10419]	0.000030
[16257]	0.000030
[11197]	0.000030
[16163]	0.000030
[11135]	0.000030
[11859]	0.000030
[11961]	0.000030
[11627]	0.000030
[14303]	0.000030
[12164]	0.000031
[13505]	0.000031
[15048]	0.000031
[14712]	0.000031
[11187]	0.000031
[16519]	0.000031
[12211]	0.000031
[13290]	0.000031
[10900]	0.000031
[11392]	0.000032
[15601]	0.000032
[10298]	0.000032
[16115]	0.000032
[12255]	0.000032
[14534]	0.000032
[11865]	0.000032
[10275]	0.000032
[11519]	0.000032
[10327]	0.000032
[10590]	0.000032
[13514]	0.000032
[10954]	0.000033
[14656]	0.000033
[13828]	0.000033
[13862]	0.000033
[15027]	0.000033
[13241]	0.000033
[14886]	0.000033
[11789]	0.000033
[12245]	0.000033
[11910]	0.000033
[14237]	0.000033
[11525]	0.000033
[15497]	0.000033
[10747]	0.000033
[12441]	0.000033
[11908]	0.000033
[14897]	0.000033
[12073]	0.000033
[11283]	0.000033
[16232]	0.000033
[10775]	0.000033
[12055]	0.000033
[16172]	0.000033
[13785]	0.000034
[14924]	0.000034
[13034]	0.000034
[14109]	0.000034
[13619]	0.000034
[10562]	0.000034
[12902]	0.000034
[11085]	0.000034
[10409]	0.000034
[12841]	0.000034
[11315]	0.000034
[12132]	0.000034
[10617]	0.000034
[14745]	0.000034
[11534]	0.000034
[11463]	0.000034
[12127]	0.000034
[12389]	0.000034
[11648]	0.000034
[12509]	0.000034
[16719]	0.000034
[10754]	0.000034
[13388]	0.000035
[14674]	0.000035
[12206]	0.000035
[10950]	0.000035
[10005]	0.000035
[11879]	0.000035
[12190]	0.000035
[16156]	0.000035
[14943]	0.000035
[10779]	0.000035
[15504]	0.000035
[15627]	0.000035
[11421]	0.000035
[11563]	0.000035
[13256]	0.000035
[10917]	0.000035
[16083]	0.000035
[15043]	0.000035
[14006]	0.000035
[12280]	0.000035
[13111]	0.000035
[11245]	0.000035
[14853]	0.000035
[10400]	0.000035
[13341]	0.000036
[15879]	0.000036
[15024]	0.000036
[15177]	0.000036
[13200]	0.000036
[15041]	0.000036
[13486]	0.000036
[10225]	0.000036
[14125]	0.000036
[15051]	0.000036
[15057]	0.000036
[12155]	0.000036
[11790]	0.000036
[16310]	0.000036
[16218]	0.000036
[11540]	0.000036
[10396]	0.000036
[11778]	0.000036
[12882]	0.000036
[14843]	0.000036
[10033]	0.000036
[14819]	0.000036
[12265]	0.000036
[11097]	0.000036
[13289]	0.000036
[11252]	0.000037
[13377]	0.000037
[13605]	0.000037
[11695]	0.000037
[15508]	0.000037
[11522]	0.000037
[13936]	0.000037
[11415]	0.000037
[11215]	0.000037
[15991]	0.000037
[10838]	0.000037
[12136]	0.000037
[14113]	0.000037
[11092]	0.000037
[15389]	0.000037
[10171]	0.000037
[11834]	0.000037
[13433]	0.000037
[10157]	0.000037
[12029]	0.000037
[14570]	0.000037
[10945]	0.000037
[12511]	0.000037
[14218]	0.000037
[15063]	0.000037
[14588]	0.000037
[12819]	0.000037
[10930]	0.000037
[13714]	0.000037
[11867]	0.000037
[13830]	0.000037
[13502]	0.000038
[11036]	0.000038
[12156]	0.000038
[14543]	0.000038
[14646]	0.000038
[15054]	0.000038
[14231]	0.000038
[16016]	0.000038
[14487]	0.000038
[13546]	0.000038
[11399]	0.000038
[13655]	0.000038
[13194]	0.000038
[10849]	0.000038
[12492]	0.000038
[10361]	0.000038
[15376]	0.000038
[13061]	0.000038
[16229]	0.000038
[10925]	0.000038
[10778]	0.000038
[15153]	0.000038
[16058]	0.000038
[12728]	0.000038
[12363]	0.000038
[13016]	0.000038
[13292]	0.000038
[14120]	0.000038
[10713]	0.000038
[11638]	0.000038
[12343]	0.000039
[15147]	0.000039
[13264]	0.000039
[11931]	0.000039
[15401]	0.000039
[15458]	0.000039
[10185]	0.000039
[14457]	0.000039
[16128]	0.000039
[14489]	0.000039
[10349]	0.000039
[15582]	0.000039
[13947]	0.000039
[15381]	0.000039
[10627]	0.000039
[15210]	0.000039
[13024]	0.000039
[10661]	0.000039
[12003]	0.000039
[11496]	0.000039
[13767]	0.000039
[15030]	0.000039
[10141]	0.000039
[12436]	0.000039
[10221]	0.000039
[11531]	0.000040
[11140]	0.000040
[10620]	0.000040
[13046]	0.000040
[11002]	0.000040
[12956]	0.000040
[16263]	0.000040
[15236]	0.000040
[13158]	0.000040
[11898]	0.000040
[12348]	0.000040
[13127]	0.000040
[13348]	0.000040
[11714]	0.000040
[14750]	0.000040
[14709]	0.000040
[12412]	0.000040
[12370]	0.000040
[16425]	0.000040
[10918]	0.000040
[12012]	0.000040
[14431]	0.000040
[11973]	0.000040
[12951]	0.000040
[14869]	0.000040
[11921]	0.000040
[12018]	0.000040
[10731]	0.000040
[10272]	0.000041
[10819]	0.000041
[14736]	0.000041
[14794]	0.000041
[10140]	0.000041
[14252]	0.000041
[13295]	0.000041
[12129]	0.000041
[11845]	0.000041
[14477]	0.000041
[12889]	0.000041
[11773]	0.000041
[15548]	0.000041
[14470]	0.000041
[11058]	0.000041
[11637]	0.000041
[16428]	0.000041
[12915]	0.000041
[11884]	0.000041
[14672]	0.000041
[14054]	0.000041
[15532]	0.000041
[13536]	0.000041
[11122]	0.000041
[15856]	0.000041
[10279]	0.000041
[14270]	0.000041
[12207]	0.000042
[13360]	0.000042
[10511]	0.000042
[15325]	0.000042
[11481]	0.000042
[12891]	0.000042
[11905]	0.000042
[16540]	0.000042
[12888]	0.000042
[13476]	0.000042
[12455]	0.000042
[15049]	0.000042
[11726]	0.000042
[11259]	0.000042
[15624]	0.000042
[15841]	0.000042
[14288]	0.000042
[10561]	0.000042
[11337]	0.000042
[14467]	0.000042
[16760]	0.000042
[11050]	0.000042
[15569]	0.000042
[10329]	0.000042
[11603]	0.000042
[13540]	0.000043
[11434]	0.000043
[10728]	0.000043
[15344]	0.000043
[14193]	0.000043
[11775]	0.000043
[10938]	0.000043
[13422]	0.000043
[16426]	0.000043
[11982]	0.000043
[13495]	0.000043
[12094]	0.000043
[10268]	0.000043
[14102]	0.000043
[10933]	0.000043
[10011]	0.000043
[11503]	0.000043
[14871]	0.000043
[10781]	0.000043
[16149]	0.000043
[14256]	0.000043
[11869]	0.000043
[10631]	0.000043
[14875]	0.000043
[16217]	0.000044
[10817]	0.000044
[16133]	0.000044
[11230]	0.000044
[10589]	0.000044
[11731]	0.000044
[14530]	0.000044
[14927]	0.000044
[14960]	0.000044
[12124]	0.000044
[13964]	0.000044
[10581]	0.000044
[10016]	0.000044
[13890]	0.000044
[11732]	0.000044
[12448]	0.000044
[13968]	0.000044
[15885]	0.000044
[14683]	0.000044
[11233]	0.000044
[15260]	0.000044
[14689]	0.000044
[14842]	0.000044
[11413]	0.000044
[10558]	0.000044
[11111]	0.000044
[15754]	0.000044
[14057]	0.000045
[11049]	0.000045
[14062]	0.000045
[10647]	0.000045
[15295]	0.000045
[15411]	0.000045
[10372]	0.000045
[11123]	0.000045
[11711]	0.000045
[14112]	0.000045
[11953]	0.000045
[11308]	0.000045
[11827]	0.000045
[11109]	0.000045
[15374]	0.000045
[15570]	0.000045
[15725]	0.000045
[11725]	0.000045
[11198]	0.000045
[12278]	0.000045
[10136]	0.000045
[15171]	0.000045
[14698]	0.000045
[12896]	0.000045
[13827]	0.000045
[14814]	0.000045
[11013]	0.000045
[13693]	0.000045
[14236]	0.000045
[12266]	0.000045
[12773]	0.000045
[11241]	0.000046
[11007]	0.000046
[15581]	0.000046
[12899]	0.000046
[14905]	0.000046
[15525]	0.000046
[10739]	0.000046
[11076]	0.000046
[14965]	0.000046
[11624]	0.000046
[14539]	0.000046
[11468]	0.000046
[14197]	0.000046
[14893]	0.000046
[14262]	0.000046
[10423]	0.000046
[13983]	0.000046
[12544]	0.000046
[10122]	0.000046
[14229]	0.000046
[12375]	0.000046
[10414]	0.000046
[15074]	0.000046
[10247]	0.000046
[14081]	0.000046
[16101]	0.000046
[10466]	0.000046
[12007]	0.000047
[14107]	0.000047
[13182]	0.000047
[15607]	0.000047
[13139]	0.000047
[13629]	0.000047
[12141]	0.000047
[15973]	0.000047
[15249]	0.000047
[13490]	0.000047
[11512]	0.000047
[10926]	0.000047
[13795]	0.000047
[15278]	0.000047
[11470]	0.000047
[13501]	0.000047
[15370]	0.000047
[13211]	0.000047
[13832]	0.000047
[15649]	0.000047
[10683]	0.000047
[11041]	0.000047
[16078]	0.000047
[13198]	0.000048
[14397]	0.000048
[15304]	0.000048
[11587]	0.000048
[15061]	0.000048
[14635]	0.000048
[10785]	0.000048
[11471]	0.000048
[12992]	0.000048
[12863]	0.000048
[13851]	0.000048
[10155]	0.000048
[12610]	0.000048
[15138]	0.000048
[10961]	0.000049
[11559]	0.000049
[14952]	0.000049
[11292]	0.000049
[10146]	0.000049
[13125]	0.000049
[15579]	0.000049
[14648]	0.000049
[10967]	0.000049
[14747]	0.000049
[14783]	0.000049
[14761]	0.000049
[13307]	0.000049
[11495]	0.000049
[11410]	0.000049
[14863]	0.000049
[13381]	0.000050
[11453]	0.000050
[14092]	0.000050
[14321]	0.000050
[11980]	0.000050
[15919]	0.000050
[13796]	0.000050
[14986]	0.000050
[13543]	0.000050
[14332]	0.000050
[10374]	0.000050
[10621]	0.000050
[14553]	0.000050
[13029]	0.000050
[14685]	0.000050
[14025]	0.000050
[13076]	0.000050
[11146]	0.000051
[13459]	0.000051
[14797]	0.000051
[14320]	0.000051
[15454]	0.000051
[12621]	0.000051
[11214]	0.000051
[10333]	0.000051
[12335]	0.000051
[12932]	0.000051
[12844]	0.000051
[12574]	0.000051
[13244]	0.000051
[14831]	0.000051
[16454]	0.000051
[13277]	0.000051
[11274]	0.000051
[13487]	0.000052
[10744]	0.000052
[12175]	0.000052
[13871]	0.000052
[14150]	0.000052
[13204]	0.000052
[11833]	0.000052
[15124]	0.000052
[13984]	0.000052
[13415]	0.000052
[13535]	0.000052
[15380]	0.000052
[15934]	0.000052
[11423]	0.000052
[13599]	0.000052
[11479]	0.000053
[11612]	0.000053
[13484]	0.000053
[11493]	0.000053
[12252]	0.000053
[10599]	0.000053
[13577]	0.000053
[13367]	0.000053
[10278]	0.000053
[13347]	0.000053
[14633]	0.000053
[14485]	0.000053
[16252]	0.000053
[11545]	0.000053
[11538]	0.000053
[13246]	0.000053
[11617]	0.000053
[14679]	0.000054
[12323]	0.000054
[10783]	0.000054
[13109]	0.000054
[13296]	0.000054
[11003]	0.000054
[11997]	0.000054
[14520]	0.000054
[10184]	0.000054
[12866]	0.000054
[11203]	0.000054
[10994]	0.000054
[14805]	0.000054
[11619]	0.000054
[11150]	0.000054
[16588]	0.000054
[14027]	0.000054
[14108]	0.000054
[12191]	0.000055
[12451]	0.000055
[10982]	0.000055
[11699]	0.000055
[11641]	0.000055
[10697]	0.000055
[11411]	0.000055
[13344]	0.000055
[16233]	0.000055
[11288]	0.000055
[13731]	0.000055
[12217]	0.000055
[11630]	0.000056
[12235]	0.000056
[14908]	0.000056
[10208]	0.000056
[12244]	0.000056
[10172]	0.000056
[10243]	0.000056
[10685]	0.000056
[15231]	0.000056
[10980]	0.000056
[11721]	0.000056
[16525]	0.000057
[13987]	0.000057
[12223]	0.000057
[11592]	0.000057
[10216]	0.000057
[14987]	0.000057
[12171]	0.000057
[11126]	0.000057
[15861]	0.000057
[12633]	0.000057
[15016]	0.000057
[11317]	0.000057
[15412]	0.000057
[14275]	0.000057
[12253]	0.000057
[10158]	0.000057
[15323]	0.000057
[10640]	0.000058
[11484]	0.000058
[12214]	0.000058
[14559]	0.000058
[14828]	0.000059
[11067]	0.000059
[15793]	0.000059
[12815]	0.000059
[13891]	0.000059
[14182]	0.000059
[13931]	0.000059
[13676]	0.000059
[10540]	0.000059
[11165]	0.000059
[10666]	0.000060
[11577]	0.000060
[13970]	0.000060
[15709]	0.000060
[12784]	0.000060
[13418]	0.000060
[11555]	0.000060
[10397]	0.000060
[10204]	0.000060
[14273]	0.000060
[12553]	0.000060
[10194]	0.000060
[16271]	0.000061
[10504]	0.000061
[10557]	0.000061
[11996]	0.000061
[13184]	0.000061
[14050]	0.000061
[15096]	0.000061
[11298]	0.000061
[16215]	0.000061
[14259]	0.000061
[12857]	0.000061
[13467]	0.000061
[10139]	0.000061
[14474]	0.000062
[12365]	0.000062
[10868]	0.000062
[12917]	0.000062
[11977]	0.000062
[14492]	0.000062
[10431]	0.000062
[13863]	0.000062
[13485]	0.000062
[13121]	0.000062
[14131]	0.000062
[10469]	0.000062
[14306]	0.000062
[14730]	0.000063
[14574]	0.000063
[12869]	0.000063
[11986]	0.000063
[13507]	0.000063
[10408]	0.000063
[12878]	0.000063
[11441]	0.000063
[15785]	0.000063
[10519]	0.000064
[11675]	0.000064
[14493]	0.000064
[11066]	0.000065
[14751]	0.000065
[12324]	0.000065
[13933]	0.000065
[12945]	0.000065
[10427]	0.000065
[16345]	0.000065
[14576]	0.000065
[10815]	0.000065
[14524]	0.000065
[13873]	0.000065
[13105]	0.000065
[15626]	0.000066
[12884]	0.000066
[10299]	0.000066
[12721]	0.000066
[11537]	0.000066
[10322]	0.000066
[11057]	0.000066
[12268]	0.000066
[14704]	0.000066
[12397]	0.000066
[12782]	0.000066
[13032]	0.000066
[12494]	0.000066
[11823]	0.000066
[11697]	0.000066
[11027]	0.000066
[10577]	0.000066
[12314]	0.000067
[10792]	0.000067
[11720]	0.000067
[10990]	0.000067
[11367]	0.000068
[12854]	0.000068
[10654]	0.000068
[10874]	0.000068
[14696]	0.000068
[12339]	0.000068
[12559]	0.000068
[14771]	0.000068
[11042]	0.000068
[13342]	0.000068
[13282]	0.000068
[14802]	0.000068
[10042]	0.000068
[15091]	0.000068
[15447]	0.000069
[10257]	0.000069
[13942]	0.000069
[10434]	0.000069
[11684]	0.000069
[14098]	0.000070
[12119]	0.000070
[12954]	0.000070
[11299]	0.000070
[14512]	0.000070
[14307]	0.000070
[10721]	0.000070
[12320]	0.000070
[11431]	0.000070
[14711]	0.000070
[11615]	0.000070
[11193]	0.000071
[10154]	0.000071
[12898]	0.000071
[12523]	0.000071
[11511]	0.000071
[11588]	0.000071
[12615]	0.000071
[13230]	0.000071
[11267]	0.000072
[15385]	0.000072
[11844]	0.000072
[13888]	0.000072
[11433]	0.000072
[11762]	0.000072
[12704]	0.000072
[11646]	0.000072
[14046]	0.000072
[13579]	0.000073
[13002]	0.000073
[12250]	0.000073
[12652]	0.000073
[12892]	0.000073
[14268]	0.000074
[12294]	0.000074
[11995]	0.000074
[14895]	0.000075
[13461]	0.000075
[10693]	0.000075
[14122]	0.000075
[11728]	0.000076
[13504]	0.000076
[16166]	0.000076
[13792]	0.000077
[15160]	0.000077
[13541]	0.000078
[11456]	0.000078
[10556]	0.000078
[10529]	0.000079
[11278]	0.000079
[14631]	0.000079
[12748]	0.000079
[10135]	0.000080
[15250]	0.000080
[14856]	0.000080
[12785]	0.000081
[10821]	0.000081
[13232]	0.000081
[12264]	0.000082
[10198]	0.000082
[15478]	0.000082
[15070]	0.000082
[13768]	0.000082
[10535]	0.000082
[14880]	0.000082
[14898]	0.000082
[11535]	0.000082
[13667]	0.000083
[12868]	0.000083
[12720]	0.000083
[12391]	0.000083
[12769]	0.000084
[15794]	0.000084
[11028]	0.000085
[15741]	0.000085
[12184]	0.000085
[15356]	0.000086
[12671]	0.000086
[12195]	0.000086
[13934]	0.000087
[13715]	0.000087
[13196]	0.000088
[12705]	0.000088
[14718]	0.000088
[14100]	0.000088
[12676]	0.000088
[11941]	0.000088
[12087]	0.000088
[14816]	0.000089
[12321]	0.000089
[13898]	0.000090
[13930]	0.000090
[15887]	0.000090
[14282]	0.000091
[15448]	0.000091
[15554]	0.000091
[14119]	0.000091
[12772]	0.000092
[10313]	0.000092
[11952]	0.000092
[13303]	0.000092
[15853]	0.000093
[13806]	0.000093
[10170]	0.000093
[12641]	0.000094
[10245]	0.000094
[14804]	0.000094
[15618]	0.000095
[15774]	0.000095
[12737]	0.000095
[12853]	0.000095
[11053]	0.000098
[11376]	0.000098
[10800]	0.000098
[12822]	0.000099
[15245]	0.000099
[10559]	0.000100
[16091]	0.000100
[13369]	0.000101
[10056]	0.000102
[11227]	0.000102
[12779]	0.000103
[15406]	0.000103
[14627]	0.000103
[16390]	0.000104
[12197]	0.000105
[11764]	0.000105
[14234]	0.000106
[13398]	0.000107
[13434]	0.000107
[11618]	0.000108
[15085]	0.000109
[11336]	0.000109
[13710]	0.000110
[15446]	0.000110
[12719]	0.000111
[13055]	0.000111
[15862]	0.000112
[12807]	0.000113
[11550]	0.000113
[10996]	0.000114
[12851]	0.000115
[11492]	0.000116
[10304]	0.000117
[12708]	0.000117
[12635]	0.000120
[10416]	0.000121
[12478]	0.000121
[12653]	0.000122
[12755]	0.000123
[15167]	0.000126
[14942]	0.000127
[12638]	0.000128
[15257]	0.000136
[12953]	0.000137
[15721]	0.000141
[15282]	0.000143
[15293]	0.000147
[13894]	0.000147
[10241]	0.000182
[12855]	0.000184
[12709]	0.000195
[15798]	0.000212
[10405]	0.000216
[12649]	0.000232
[14088]	0.000239
[14130]	0.000239
[10551]	0.000239
[12831]	0.000247
[13770]	0.000268
