


***Graph Closeness Centrality***

[15937]	0.000000
[11344]	0.000000
[12625]	0.000000
[10585]	0.000000
[11099]	0.000000
[16442]	0.000003
[16764]	0.000004
[12222]	0.000007
[16526]	0.000007
[14945]	0.000017
[14992]	0.000017
[10613]	0.000043
[15855]	0.000043
[13700]	0.000062
[14533]	0.000072
[16456]	0.000078
[15221]	0.000081
[13771]	0.000085
[12832]	0.000089
[10674]	0.000090
[11417]	0.000090
[10435]	0.000095
[13614]	0.000096
[13784]	0.000098
[16476]	0.000098
[13998]	0.000098
[12520]	0.000099
[15088]	0.000099
[12067]	0.000100
[15842]	0.000100
[10716]	0.000100
[11724]	0.000100
[14408]	0.000102
[14201]	0.000102
[12876]	0.000102
[12390]	0.000103
[10929]	0.000103
[10280]	0.000103
[13243]	0.000103
[11351]	0.000103
[11375]	0.000103
[11030]	0.000105
[12681]	0.000106
[12846]	0.000106
[14824]	0.000106
[11160]	0.000107
[14845]	0.000107
[11172]	0.000108
[12969]	0.000108
[15092]	0.000108
[10162]	0.000109
[10480]	0.000110
[11290]	0.000111
[14380]	0.000111
[13692]	0.000111
[15505]	0.000112
[12684]	0.000112
[13856]	0.000112
[15868]	0.000112
[10696]	0.000112
[10415]	0.000113
[15872]	0.000114
[11369]	0.000115
[14645]	0.000115
[13658]	0.000116
[11455]	0.000117
[14733]	0.000117
[12849]	0.000117
[12472]	0.000117
[15130]	0.000117
[14299]	0.000118
[10258]	0.000118
[15127]	0.000119
[11945]	0.000120
[12739]	0.000120
[10244]	0.000121
[13359]	0.000123
[10182]	0.000124
[15277]	0.000125
[13408]	0.000125
[15113]	0.000127
[12115]	0.000127
[11459]	0.000127
[10482]	0.000127
[10287]	0.000128
[13043]	0.000129
[10872]	0.000129
[15256]	0.000129
[15258]	0.000130
[10746]	0.000130
[11793]	0.000132
[10877]	0.000133
[12143]	0.000133
[14583]	0.000134
[12685]	0.000136
[13602]	0.000137
[10150]	0.000138
[14686]	0.000139
[10181]	0.000140
[10971]	0.000140
[15306]	0.000141
[12169]	0.000141
[12054]	0.000141
[15994]	0.000141
[10678]	0.000142
[10503]	0.000142
[14458]	0.000142
[10394]	0.000142
[12395]	0.000143
[14453]	0.000144
[13491]	0.000144
[15237]	0.000145
[14186]	0.000146
[16286]	0.000146
[14115]	0.000148
[12627]	0.000148
[13532]	0.000148
[12798]	0.000148
[14309]	0.000148
[15129]	0.000150
[15604]	0.000150
[10542]	0.000151
[12287]	0.000151
[11625]	0.000152
[16763]	0.000152
[11715]	0.000154
[14066]	0.000155
[12845]	0.000156
[13628]	0.000156
[11915]	0.000157
[10591]	0.000157
[14239]	0.000158
[15058]	0.000158
[14535]	0.000158
[13162]	0.000159
[15566]	0.000160
[11988]	0.000160
[11651]	0.000160
[15718]	0.000160
[11082]	0.000160
[12277]	0.000160
[15595]	0.000160
[14717]	0.000160
[15106]	0.000161
[10209]	0.000161
[14250]	0.000162
[10310]	0.000162
[12699]	0.000163
[15567]	0.000163
[12987]	0.000163
[14228]	0.000163
[14904]	0.000164
[14496]	0.000164
[13694]	0.000165
[11655]	0.000165
[12101]	0.000165
[13625]	0.000165
[14561]	0.000165
[16647]	0.000166
[13560]	0.000167
[13472]	0.000167
[11914]	0.000167
[13518]	0.000167
[12938]	0.000167
[10338]	0.000167
[15402]	0.000168
[14754]	0.000168
[11671]	0.000168
[13143]	0.000169
[12026]	0.000169
[13826]	0.000170
[15022]	0.000170
[12066]	0.000170
[11966]	0.000170
[10758]	0.000170
[16321]	0.000171
[10517]	0.000171
[12125]	0.000171
[15606]	0.000171
[13744]	0.000171
[10357]	0.000172
[11444]	0.000172
[13757]	0.000172
[11118]	0.000174
[10205]	0.000174
[12957]	0.000174
[11332]	0.000174
[11730]	0.000175
[13943]	0.000175
[11070]	0.000176
[12016]	0.000176
[13113]	0.000177
[11760]	0.000177
[13952]	0.000178
[10752]	0.000178
[13145]	0.000179
[14451]	0.000179
[10623]	0.000180
[12920]	0.000180
[12900]	0.000181
[13156]	0.000181
[11170]	0.000181
[15018]	0.000181
[11548]	0.000182
[11628]	0.000183
[14941]	0.000183
[10920]	0.000183
[13047]	0.000183
[14222]	0.000183
[10730]	0.000183
[15643]	0.000184
[10608]	0.000184
[11216]	0.000184
[13672]	0.000184
[12966]	0.000184
[10292]	0.000185
[13094]	0.000186
[10970]	0.000186
[10750]	0.000186
[13900]	0.000186
[14582]	0.000186
[12991]	0.000187
[14721]	0.000187
[13051]	0.000188
[11488]	0.000189
[13165]	0.000190
[12972]	0.000190
[11418]	0.000190
[13048]	0.000191
[14475]	0.000191
[11928]	0.000192
[10568]	0.000193
[11716]	0.000193
[11435]	0.000196
[10545]	0.000198
[14918]	0.000200
[12134]	0.000203
[15154]	0.000206
[12986]	0.000215
[14101]	0.000217
[14889]	0.000217
[13166]	0.000221
[14051]	0.000221
[10884]	0.000222
[14065]	0.000224
[15174]	0.000228
[13087]	0.000230
[14030]	0.000231
[10460]	0.000232
[11487]	0.000233
[11938]	0.000233
[14955]	0.000234
[12651]	0.000236
[11517]	0.000236
[15215]	0.000237
[15115]	0.000242
[11888]	0.000250
[15052]	0.000251
[15825]	0.000252
[13251]	0.000253
[14695]	0.000254
[12051]	0.000256
[15235]	0.000259
[15498]	0.000259
[12595]	0.000262
[15220]	0.000267
[11031]	0.000267
[15455]	0.000270
[12982]	0.000275
[11052]	0.000277
[10448]	0.000280
[16261]	0.000282
[10165]	0.000284
[11950]	0.000286
[16171]	0.000288
[13812]	0.000289
[12402]	0.000289
[10717]	0.000292
[13218]	0.000293
[15513]	0.000294
[13520]	0.000294
[15483]	0.000296
[10711]	0.000296
[13297]	0.000296
[14210]	0.000301
[16251]	0.000302
[14713]	0.000303
[12758]	0.000304
[10863]	0.000306
[10575]	0.000308
[16179]	0.000310
[14691]	0.000310
[15008]	0.000311
[10237]	0.000311
[10658]	0.000311
[13169]	0.000314
[11194]	0.000315
[16364]	0.000316
[11015]	0.000316
[12173]	0.000317
[10889]	0.000317
[11185]	0.000318
[16599]	0.000319
[10911]	0.000324
[11164]	0.000326
[10486]	0.000326
[10411]	0.000328
[11654]	0.000329
[11582]	0.000333
[14254]	0.000335
[14286]	0.000336
[11372]	0.000337
[12174]	0.000343
[14838]	0.000343
[16268]	0.000344
[14278]	0.000346
[12990]	0.000348
[11564]	0.000350
[13463]	0.000350
[16175]	0.000350
[14004]	0.000350
[13865]	0.000351
[12886]	0.000351
[11086]	0.000351
[15383]	0.000352
[11282]	0.000353
[12315]	0.000355
[13322]	0.000355
[13525]	0.000355
[10312]	0.000356
[16178]	0.000358
[10615]	0.000360
[11391]	0.000361
[13269]	0.000362
[16096]	0.000363
[16253]	0.000364
[13654]	0.000365
[10148]	0.000366
[16267]	0.000366
[12239]	0.000368
[11301]	0.000368
[14488]	0.000370
[14849]	0.000370
[16668]	0.000372
[14706]	0.000372
[12388]	0.000373
[13799]	0.000375
[13095]	0.000375
[11756]	0.000377
[14677]	0.000377
[14749]	0.000381
[16173]	0.000382
[13574]	0.000383
[15192]	0.000383
[11719]	0.000385
[15632]	0.000385
[13564]	0.000386
[13034]	0.000387
[11643]	0.000389
[14692]	0.000390
[11394]	0.000390
[12010]	0.000390
[11063]	0.000390
[15530]	0.000391
[14167]	0.000392
[14207]	0.000392
[10444]	0.000393
[16304]	0.000394
[10347]	0.000394
[16567]	0.000394
[11445]	0.000395
[13255]	0.000395
[15084]	0.000395
[16250]	0.000395
[10878]	0.000396
[12347]	0.000397
[11180]	0.000397
[13704]	0.000400
[16306]	0.000400
[15584]	0.000403
[14792]	0.000403
[14681]	0.000404
[14938]	0.000404
[16254]	0.000404
[13830]	0.000404
[12492]	0.000405
[12263]	0.000406
[15020]	0.000407
[16443]	0.000407
[14637]	0.000408
[12598]	0.000411
[13370]	0.000411
[10923]	0.000412
[15440]	0.000412
[15598]	0.000413
[11430]	0.000414
[12693]	0.000416
[11656]	0.000417
[11924]	0.000417
[14739]	0.000418
[13068]	0.000418
[14022]	0.000419
[14012]	0.000420
[13829]	0.000421
[15013]	0.000422
[14577]	0.000423
[10569]	0.000424
[15012]	0.000425
[14919]	0.000425
[14312]	0.000425
[10846]	0.000426
[15246]	0.000426
[13854]	0.000426
[14738]	0.000426
[14293]	0.000427
[16293]	0.000428
[10325]	0.000428
[16242]	0.000428
[13176]	0.000429
[12663]	0.000431
[13109]	0.000432
[13180]	0.000434
[13347]	0.000434
[13618]	0.000435
[14153]	0.000436
[13072]	0.000436
[13594]	0.000436
[16634]	0.000437
[14722]	0.000438
[11098]	0.000438
[13464]	0.000438
[13252]	0.000440
[11874]	0.000440
[14618]	0.000443
[16477]	0.000443
[14832]	0.000443
[10521]	0.000445
[10638]	0.000445
[15317]	0.000446
[11447]	0.000446
[12587]	0.000447
[15125]	0.000448
[10732]	0.000449
[10210]	0.000450
[10478]	0.000450
[14744]	0.000450
[13592]	0.000452
[15232]	0.000455
[12180]	0.000456
[12841]	0.000457
[16758]	0.000459
[10224]	0.000459
[14879]	0.000460
[11868]	0.000460
[12177]	0.000462
[11519]	0.000462
[12519]	0.000462
[10300]	0.000463
[15628]	0.000465
[15481]	0.000465
[15508]	0.000465
[10676]	0.000465
[10857]	0.000469
[13306]	0.000469
[16322]	0.000470
[10775]	0.000470
[11392]	0.000471
[11244]	0.000471
[15027]	0.000471
[16042]	0.000472
[11859]	0.000473
[10917]	0.000474
[11627]	0.000475
[14125]	0.000476
[15045]	0.000476
[14091]	0.000477
[10033]	0.000478
[16762]	0.000478
[14819]	0.000479
[13111]	0.000479
[10754]	0.000481
[16097]	0.000482
[14993]	0.000482
[12509]	0.000484
[16085]	0.000485
[11075]	0.000485
[14435]	0.000485
[10910]	0.000486
[13689]	0.000487
[14303]	0.000488
[13424]	0.000488
[10396]	0.000489
[11842]	0.000489
[16761]	0.000489
[12149]	0.000491
[10225]	0.000491
[11947]	0.000491
[11032]	0.000492
[13682]	0.000493
[15024]	0.000496
[12947]	0.000497
[15163]	0.000499
[11245]	0.000500
[14630]	0.000501
[11961]	0.000502
[11907]	0.000503
[14082]	0.000503
[10275]	0.000503
[11463]	0.000504
[12228]	0.000504
[16519]	0.000504
[13809]	0.000504
[13767]	0.000505
[11845]	0.000505
[12211]	0.000506
[14314]	0.000507
[10005]	0.000508
[15601]	0.000508
[13203]	0.000508
[14843]	0.000508
[15023]	0.000509
[16310]	0.000510
[10349]	0.000510
[15504]	0.000510
[11871]	0.000512
[10900]	0.000512
[10617]	0.000513
[16115]	0.000513
[14877]	0.000514
[11215]	0.000515
[16172]	0.000515
[13714]	0.000517
[11295]	0.000519
[14709]	0.000520
[10954]	0.000521
[14102]	0.000521
[12164]	0.000521
[11036]	0.000522
[16163]	0.000523
[16058]	0.000524
[14716]	0.000524
[16257]	0.000525
[16542]	0.000525
[15049]	0.000525
[14745]	0.000526
[16754]	0.000527
[11197]	0.000527
[14886]	0.000527
[10630]	0.000529
[12127]	0.000530
[12245]	0.000531
[14924]	0.000532
[14218]	0.000532
[12819]	0.000533
[14231]	0.000534
[11908]	0.000534
[13862]	0.000535
[13016]	0.000537
[13292]	0.000537
[15885]	0.000538
[11910]	0.000538
[12728]	0.000540
[15754]	0.000540
[14897]	0.000541
[14270]	0.000542
[11879]	0.000543
[15063]	0.000543
[15627]	0.000544
[13505]	0.000545
[14712]	0.000545
[15991]	0.000545
[14477]	0.000545
[12136]	0.000545
[13693]	0.000546
[11534]	0.000546
[10419]	0.000546
[11525]	0.000547
[11187]	0.000547
[12773]	0.000547
[12255]	0.000548
[15856]	0.000548
[14534]	0.000549
[10327]	0.000549
[12073]	0.000550
[12370]	0.000551
[14229]	0.000551
[16016]	0.000552
[11230]	0.000553
[13388]	0.000553
[15278]	0.000553
[10409]	0.000553
[12389]	0.000554
[13514]	0.000555
[11399]	0.000556
[15649]	0.000557
[14237]	0.000557
[11522]	0.000558
[11789]	0.000559
[11283]	0.000559
[11007]	0.000560
[13546]	0.000560
[15841]	0.000560
[12132]	0.000561
[15057]	0.000562
[13241]	0.000562
[13785]	0.000563
[15497]	0.000563
[10961]	0.000563
[11865]	0.000563
[12902]	0.000564
[16229]	0.000565
[15236]	0.000565
[13828]	0.000565
[12956]	0.000566
[11648]	0.000568
[14062]	0.000569
[16156]	0.000569
[16263]	0.000569
[10930]	0.000570
[16232]	0.000570
[10400]	0.000570
[14797]	0.000570
[15581]	0.000570
[10247]	0.000570
[13619]	0.000570
[15048]	0.000570
[10157]	0.000571
[15879]	0.000571
[10747]	0.000572
[14943]	0.000572
[11135]	0.000572
[10661]	0.000573
[10938]	0.000573
[13890]	0.000574
[12553]	0.000575
[14256]	0.000575
[12882]	0.000576
[13605]	0.000576
[14853]	0.000577
[10779]	0.000577
[12190]	0.000577
[11097]	0.000578
[11315]	0.000578
[11126]	0.000578
[10590]	0.000578
[13024]	0.000578
[16083]	0.000579
[14470]	0.000579
[12029]	0.000579
[11241]	0.000579
[13256]	0.000580
[13194]	0.000580
[12363]	0.000581
[10016]	0.000581
[11415]	0.000581
[11317]	0.000581
[15210]	0.000582
[15458]	0.000583
[12175]	0.000583
[12436]	0.000583
[15147]	0.000584
[12252]	0.000585
[15725]	0.000585
[12343]	0.000586
[11002]	0.000586
[13289]	0.000586
[11484]	0.000586
[12206]	0.000586
[14109]	0.000586
[13200]	0.000587
[12265]	0.000587
[14750]	0.000589
[12844]	0.000589
[14006]	0.000589
[11050]	0.000589
[13540]	0.000590
[11512]	0.000590
[12784]	0.000590
[12633]	0.000590
[14054]	0.000591
[16540]	0.000591
[10945]	0.000591
[14646]	0.000591
[10950]	0.000591
[15051]	0.000592
[14736]	0.000592
[11714]	0.000592
[13486]	0.000592
[16218]	0.000593
[12610]	0.000593
[11790]	0.000593
[13264]	0.000593
[11085]	0.000593
[14656]	0.000595
[10298]	0.000595
[13433]	0.000595
[14487]	0.000596
[11559]	0.000596
[14672]	0.000596
[10361]	0.000596
[10925]	0.000596
[11198]	0.000596
[14467]	0.000596
[14485]	0.000596
[15030]	0.000597
[14489]	0.000597
[11214]	0.000597
[11545]	0.000597
[15626]	0.000597
[12055]	0.000598
[11496]	0.000598
[11695]	0.000598
[15041]	0.000599
[12441]	0.000600
[13936]	0.000600
[13968]	0.000601
[12280]	0.000601
[16233]	0.000601
[10589]	0.000601
[15177]	0.000601
[15344]	0.000602
[12156]	0.000602
[15973]	0.000602
[15043]	0.000603
[16428]	0.000603
[13290]	0.000603
[11563]	0.000604
[10581]	0.000604
[11421]	0.000604
[10562]	0.000604
[13964]	0.000605
[10838]	0.000605
[14863]	0.000605
[15171]	0.000606
[11833]	0.000606
[14871]	0.000606
[12141]	0.000607
[14236]	0.000608
[12253]	0.000608
[14543]	0.000608
[11603]	0.000608
[11997]	0.000608
[11252]	0.000609
[13127]	0.000609
[12621]	0.000609
[10011]	0.000609
[15061]	0.000609
[16425]	0.000610
[14113]	0.000610
[14674]	0.000611
[14570]	0.000611
[14965]	0.000612
[10783]	0.000612
[11619]	0.000612
[15325]	0.000612
[15793]	0.000613
[14588]	0.000613
[13295]	0.000613
[13061]	0.000613
[14252]	0.000614
[16128]	0.000614
[10697]	0.000614
[11092]	0.000615
[13536]	0.000615
[15532]	0.000615
[11884]	0.000616
[11773]	0.000616
[15548]	0.000616
[11638]	0.000616
[14805]	0.000616
[13655]	0.000617
[15709]	0.000617
[12003]	0.000617
[15260]	0.000617
[15389]	0.000617
[10184]	0.000617
[11540]	0.000617
[13629]	0.000617
[14539]	0.000617
[10243]	0.000618
[10511]	0.000618
[15381]	0.000619
[15525]	0.000619
[10221]	0.000619
[11898]	0.000620
[11867]	0.000620
[10778]	0.000620
[10849]	0.000620
[15231]	0.000620
[15401]	0.000620
[10171]	0.000620
[13476]	0.000621
[14431]	0.000621
[10414]	0.000621
[10926]	0.000622
[10918]	0.000622
[13046]	0.000623
[14698]	0.000624
[12866]	0.000624
[16760]	0.000624
[12857]	0.000624
[10329]	0.000625
[11834]	0.000625
[15934]	0.000625
[15376]	0.000626
[12018]	0.000626
[10561]	0.000626
[15124]	0.000627
[13381]	0.000627
[12235]	0.000629
[14120]	0.000629
[10713]	0.000629
[12155]	0.000629
[11732]	0.000629
[14905]	0.000629
[12171]	0.000630
[11140]	0.000630
[12129]	0.000631
[11058]	0.000631
[10627]	0.000632
[13502]	0.000632
[11411]	0.000633
[12511]	0.000633
[15570]	0.000633
[15861]	0.000633
[11434]	0.000634
[11470]	0.000634
[11531]	0.000634
[10620]	0.000635
[11778]	0.000635
[10278]	0.000635
[11431]	0.000636
[13348]	0.000636
[14457]	0.000636
[16719]	0.000636
[11624]	0.000637
[15582]	0.000638
[11410]	0.000638
[10141]	0.000639
[11731]	0.000639
[10933]	0.000639
[14689]	0.000639
[11041]	0.000639
[14794]	0.000640
[10272]	0.000640
[16345]	0.000641
[10631]	0.000642
[14987]	0.000642
[14927]	0.000643
[12815]	0.000643
[16101]	0.000644
[11646]	0.000645
[10139]	0.000645
[14875]	0.000645
[10731]	0.000645
[12891]	0.000646
[11905]	0.000646
[13377]	0.000646
[11827]	0.000646
[13501]	0.000647
[14057]	0.000647
[13415]	0.000648
[11869]	0.000648
[14273]	0.000649
[13832]	0.000651
[12124]	0.000651
[13490]	0.000652
[11367]	0.000652
[11637]	0.000653
[13360]	0.000653
[13947]	0.000654
[12869]	0.000654
[12888]	0.000654
[12455]	0.000654
[15569]	0.000654
[12012]	0.000655
[15579]	0.000655
[10204]	0.000655
[14559]	0.000656
[12214]	0.000656
[11076]	0.000656
[14828]	0.000656
[10666]	0.000657
[13158]	0.000657
[11538]	0.000658
[14288]	0.000658
[10728]	0.000659
[11122]	0.000659
[11931]	0.000659
[13827]	0.000660
[12412]	0.000660
[11337]	0.000662
[11720]	0.000662
[11921]	0.000663
[14262]	0.000663
[10640]	0.000663
[12915]	0.000663
[14893]	0.000663
[16426]	0.000664
[13341]	0.000666
[14530]	0.000666
[12951]	0.000667
[14869]	0.000667
[12889]	0.000667
[15054]	0.000667
[13796]	0.000668
[10817]	0.000668
[14842]	0.000668
[16133]	0.000668
[13970]	0.000669
[14321]	0.000670
[10140]	0.000670
[16217]	0.000670
[12782]	0.000670
[14747]	0.000672
[15153]	0.000672
[14960]	0.000672
[11413]	0.000672
[11982]	0.000673
[12207]	0.000673
[14831]	0.000674
[15785]	0.000675
[11711]	0.000676
[16149]	0.000676
[15411]	0.000676
[12268]	0.000676
[10558]	0.000678
[10739]	0.000678
[12854]	0.000678
[15607]	0.000678
[13422]	0.000679
[13863]	0.000679
[13002]	0.000679
[13125]	0.000679
[14679]	0.000680
[14474]	0.000680
[10819]	0.000681
[14112]	0.000681
[10279]	0.000681
[10042]	0.000681
[15091]	0.000681
[14493]	0.000681
[11013]	0.000681
[13579]	0.000682
[10122]	0.000683
[10466]	0.000683
[11953]	0.000683
[10185]	0.000683
[13139]	0.000683
[12652]	0.000684
[14683]	0.000684
[14081]	0.000684
[11308]	0.000684
[11503]	0.000685
[13504]	0.000685
[13676]	0.000685
[12094]	0.000686
[11233]	0.000686
[13942]	0.000686
[11973]	0.000686
[10268]	0.000686
[14648]	0.000687
[10372]	0.000687
[11481]	0.000687
[10374]	0.000687
[14332]	0.000687
[13182]	0.000688
[11468]	0.000688
[10621]	0.000688
[15385]	0.000689
[14025]	0.000689
[15624]	0.000689
[14107]	0.000691
[10136]	0.000691
[12899]	0.000692
[14635]	0.000692
[14193]	0.000692
[13792]	0.000693
[12375]	0.000693
[11588]	0.000693
[14197]	0.000694
[13888]	0.000696
[11725]	0.000697
[12348]	0.000697
[16454]	0.000697
[10647]	0.000697
[12863]	0.000697
[10781]	0.000698
[11049]	0.000700
[12641]	0.000700
[13599]	0.000700
[10785]	0.000700
[14397]	0.000701
[11775]	0.000701
[13806]	0.000702
[13307]	0.000702
[13495]	0.000702
[11259]	0.000703
[11762]	0.000704
[13535]	0.000704
[12523]	0.000705
[11726]	0.000705
[15074]	0.000705
[12896]	0.000705
[15374]	0.000705
[13984]	0.000706
[13873]	0.000706
[15295]	0.000706
[12721]	0.000706
[10982]	0.000707
[11493]	0.000707
[15304]	0.000708
[14986]	0.000709
[11453]	0.000709
[11109]	0.000710
[10423]	0.000711
[13467]	0.000711
[14908]	0.000711
[14761]	0.000713
[14320]	0.000713
[11479]	0.000713
[11471]	0.000713
[11630]	0.000714
[11587]	0.000715
[13459]	0.000715
[11495]	0.000715
[13795]	0.000715
[10333]	0.000715
[14804]	0.000716
[12932]	0.000716
[13055]	0.000716
[11299]	0.000717
[12266]	0.000719
[15138]	0.000719
[16588]	0.000719
[12704]	0.000719
[14150]	0.000720
[11980]	0.000721
[11511]	0.000723
[13296]	0.000723
[10967]	0.000723
[10556]	0.000723
[12448]	0.000724
[14771]	0.000724
[13246]	0.000724
[12615]	0.000724
[10155]	0.000726
[14553]	0.000727
[13731]	0.000727
[14259]	0.000727
[14814]	0.000727
[14631]	0.000727
[13983]	0.000728
[15249]	0.000729
[10146]	0.000729
[11592]	0.000730
[13204]	0.000731
[13211]	0.000731
[14027]	0.000732
[16078]	0.000732
[12335]	0.000733
[14952]	0.000733
[14282]	0.000733
[13029]	0.000733
[16525]	0.000734
[10683]	0.000735
[12785]	0.000735
[12007]	0.000736
[11274]	0.000736
[14046]	0.000736
[10172]	0.000737
[12278]	0.000738
[16252]	0.000738
[12544]	0.000738
[11111]	0.000738
[14685]	0.000739
[11844]	0.000740
[15448]	0.000741
[12822]	0.000741
[14092]	0.000742
[15160]	0.000742
[14520]	0.000742
[13543]	0.000743
[10519]	0.000743
[15454]	0.000743
[13851]	0.000745
[13891]	0.000746
[15250]	0.000746
[14306]	0.000746
[15380]	0.000746
[12244]	0.000746
[15245]	0.000747
[15370]	0.000747
[14268]	0.000747
[12635]	0.000747
[11952]	0.000747
[11699]	0.000748
[11617]	0.000748
[14119]	0.000749
[11555]	0.000750
[15794]	0.000751
[12191]	0.000752
[13076]	0.000752
[11123]	0.000753
[13871]	0.000755
[11165]	0.000755
[13277]	0.000756
[13198]	0.000757
[12868]	0.000758
[13768]	0.000758
[14182]	0.000759
[13577]	0.000760
[12954]	0.000760
[14783]	0.000761
[13344]	0.000762
[14633]	0.000762
[13987]	0.000763
[15741]	0.000763
[14895]	0.000764
[11615]	0.000764
[12451]	0.000765
[11535]	0.000765
[12323]	0.000765
[10504]	0.000765
[12992]	0.000765
[11292]	0.000766
[12574]	0.000766
[11203]	0.000766
[15919]	0.000767
[10540]	0.000767
[10815]	0.000768
[13418]	0.000768
[12195]	0.000768
[10557]	0.000771
[10994]	0.000772
[10744]	0.000773
[14856]	0.000773
[11423]	0.000775
[13484]	0.000776
[12294]	0.000776
[12671]	0.000776
[12638]	0.000776
[14880]	0.000777
[10154]	0.000777
[13487]	0.000778
[11150]	0.000780
[11697]	0.000780
[11941]	0.000780
[13507]	0.000782
[11641]	0.000784
[13367]	0.000785
[12748]	0.000787
[13934]	0.000787
[11675]	0.000788
[11146]	0.000789
[12676]	0.000790
[13196]	0.000790
[13933]	0.000790
[10299]	0.000790
[12892]	0.000791
[12365]	0.000792
[14751]	0.000793
[11003]	0.000793
[14898]	0.000793
[11028]	0.000793
[12250]	0.000793
[16215]	0.000794
[10208]	0.000794
[10559]	0.000794
[10158]	0.000795
[14718]	0.000797
[10599]	0.000799
[12720]	0.000800
[15323]	0.000800
[11977]	0.000801
[10194]	0.000802
[11288]	0.000802
[15554]	0.000804
[12223]	0.000804
[11612]	0.000804
[12769]	0.000805
[10216]	0.000805
[12772]	0.000805
[14050]	0.000805
[14108]	0.000805
[11721]	0.000806
[14275]	0.000806
[14131]	0.000809
[13244]	0.000809
[15478]	0.000810
[14816]	0.000810
[12705]	0.000810
[15774]	0.000811
[13715]	0.000812
[10685]	0.000812
[13931]	0.000812
[10313]	0.000813
[13121]	0.000813
[12217]	0.000813
[15887]	0.000814
[12853]	0.000814
[10980]	0.000816
[10408]	0.000816
[15853]	0.000817
[14307]	0.000817
[16271]	0.000818
[11298]	0.000818
[10427]	0.000819
[11577]	0.000820
[13898]	0.000820
[12184]	0.000822
[12737]	0.000822
[15618]	0.000822
[11441]	0.000822
[13184]	0.000823
[14098]	0.000823
[11053]	0.000823
[12320]	0.000824
[11728]	0.000825
[12494]	0.000826
[15096]	0.000826
[10577]	0.000827
[12779]	0.000827
[13032]	0.000828
[10721]	0.000829
[13541]	0.000831
[14704]	0.000832
[12321]	0.000835
[10322]	0.000836
[15412]	0.000837
[10245]	0.000837
[10170]	0.000839
[12087]	0.000840
[10868]	0.000841
[15406]	0.000841
[12397]	0.000841
[13303]	0.000841
[10469]	0.000844
[14576]	0.000844
[11537]	0.000846
[10431]	0.000846
[14492]	0.000846
[11227]	0.000846
[15085]	0.000849
[13485]	0.000850
[11067]	0.000850
[12559]	0.000850
[13105]	0.000852
[15016]	0.000853
[12917]	0.000853
[13667]	0.000854
[12314]	0.000854
[10800]	0.000856
[11996]	0.000857
[12324]	0.000858
[10654]	0.000858
[12119]	0.000858
[14524]	0.000859
[16390]	0.000859
[11684]	0.000860
[13282]	0.000860
[11986]	0.000862
[12878]	0.000862
[11456]	0.000862
[10397]	0.000863
[14802]	0.000863
[14574]	0.000864
[10257]	0.000866
[11550]	0.000867
[10792]	0.000868
[15447]	0.000868
[10990]	0.000869
[13710]	0.000869
[12884]	0.000871
[15446]	0.000871
[10056]	0.000874
[12851]	0.000875
[11027]	0.000878
[10434]	0.000883
[10874]	0.000884
[10416]	0.000885
[11823]	0.000886
[12945]	0.000886
[12653]	0.000886
[14711]	0.000886
[14730]	0.000888
[12898]	0.000888
[14512]	0.000889
[10535]	0.000891
[11057]	0.000892
[13434]	0.000893
[14942]	0.000897
[13369]	0.000897
[13342]	0.000899
[11066]	0.000900
[15293]	0.000900
[14696]	0.000900
[12708]	0.000900
[12755]	0.000901
[15282]	0.000901
[14627]	0.000902
[13230]	0.000903
[10529]	0.000905
[11336]	0.000905
[10996]	0.000906
[14234]	0.000906
[11995]	0.000907
[11042]	0.000908
[16166]	0.000909
[15721]	0.000909
[13461]	0.000912
[10693]	0.000920
[15070]	0.000924
[11267]	0.000925
[12807]	0.000925
[12339]	0.000927
[11492]	0.000927
[11193]	0.000932
[11433]	0.000932
[12719]	0.000932
[11278]	0.000935
[15862]	0.000936
[13894]	0.000937
[12391]	0.000938
[10304]	0.000940
[10198]	0.000947
[10135]	0.000949
[14122]	0.000955
[15356]	0.000959
[10821]	0.000961
[12264]	0.000962
[13232]	0.000979
[15257]	0.000982
[14100]	0.000990
[16091]	0.001015
[12649]	0.001019
[13930]	0.001019
[11764]	0.001024
[13398]	0.001024
[11376]	0.001027
[14088]	0.001040
[12197]	0.001065
[11618]	0.001066
[12478]	0.001067
[15167]	0.001110
[10241]	0.001113
[12953]	0.001129
[12855]	0.001131
[12709]	0.001156
[10405]	0.001188
[15798]	0.001198
[12831]	0.001214
[14130]	0.001258
[13770]	0.001265
[10551]	0.001299
